0.037396
0.560090
0.206999
0.706779
0.815348
0.483030
0.582302
0.666160
0.226736
0.145343
0.646029
0.389989
0.925245
0.576432
0.607433
0.033522
0.159511
0.838205
0.032020
0.662481
0.794667
0.021477
0.345899
0.375644
0.973704
0.805731
0.669211
0.086305
0.940471
0.082105
0.653262
0.358942
0.215694
0.155837
0.512441
0.362916
0.305850
0.582879
0.206979
0.215204
0.036190
0.549577
0.745943
0.293295
0.844956
0.928975
0.225946
0.420065
0.279695
0.149513
0.462165
0.209260
0.625389
0.103297
0.534548
0.187579
0.064036
0.623695
0.715321
0.097658
0.832711
0.419973
0.317054
0.082047
0.468678
0.816316
0.042662
0.278969
0.662277
0.328588
0.317405
0.222204
0.565601
0.448822
0.999538
0.752168
0.053638
0.827931
0.213152
0.876657
0.734589
0.600012
0.908587
0.100915
0.587951
0.909064
0.323931
0.331457
0.574614
0.897889
0.039756
0.875500
0.891893
0.309104
0.262122
0.078066
0.424162
0.873032
0.774854
0.532549
0.008333
0.384260
0.387276
0.666492
0.708464
0.363590
0.246231
0.376848
0.053192
0.467595
0.473358
0.038648
0.051620
0.551477
0.338539
0.099981
0.081812
0.059067
0.942882
0.501707
0.922017
0.338629
0.828340
0.934700
0.100023
0.676503
0.179458
0.567539
0.892994
0.764187
0.064952
0.036559
0.299833
0.840729
0.890105
0.561279
0.704990
0.840420
0.736128
0.460355
0.244889
0.322072
0.400447
0.610598
0.529471
0.125563
0.083416
0.429828
0.860348
0.855437
0.629545
0.888784
0.430672
0.652935
0.333812
0.894691
0.001356
0.201607
0.186719
0.588637
0.046992
0.719622
0.622146
0.293413
0.401373
0.251548
0.627077
0.652793
0.992187
0.165347
0.425929
0.558528
0.231546
0.484403
0.594287
0.419508
0.287544
0.833159
0.609471
0.927458
0.506962
0.097306
0.591683
0.903111
0.837047
0.473235
0.694401
0.897220
0.922159
0.609392
0.830570
0.999905
0.656512
0.006807
0.877074
0.241532
0.280241
0.771175
0.638199
0.010938
0.990580
0.108219
0.551619
0.361197
0.077698
0.255552
0.866737
0.594292
0.178989
0.951286
0.084129
0.813725
0.110261
0.245255
0.899932
0.128268
0.873242
0.921659
0.154501
0.803866
0.801105
0.170688
0.708041
0.342045
0.285802
0.050455
0.691766
0.594401
0.303664
0.554106
0.789445
0.482134
0.296147
0.531156
0.914940
0.119827
0.914295
0.643164
0.550095
0.811437
0.145298
0.507170
0.898495
0.903116
0.035884
0.097201
0.009611
0.815700
0.455537
0.398901
0.396187
0.261199
0.577166
0.822345
0.030119
0.286170
0.104122
0.409015
0.632815
0.347669
0.432536
0.243297
0.635607
0.671287
0.443213
0.638500
0.054799
0.077885
0.558992
0.820409
0.909887
0.561464
0.042478
0.584832
0.750839
0.640678
0.457181
0.470641
0.977339
0.571576
0.723820
0.739337
0.015232
0.294646
0.150174
0.759324
0.416210
0.817716
0.156145
0.292114
0.404887
0.915863
0.876522
0.402972
0.611051
0.188094
0.660363
0.049632
0.410091
0.408522
0.333819
0.912223
0.672173
0.366176
0.800052
0.034169
0.049849
0.518144
0.246567
0.462125
0.707986
0.793964
0.980700
0.224983
0.934156
0.399433
0.323126
0.894607
0.734639
0.786653
0.767964
0.256778
0.560129
0.343582
0.101410
0.802482
0.298819
0.831988
0.907950
0.995090
0.465385
0.074003
0.542842
0.447570
0.214159
0.487799
0.986341
0.360561
0.305311
0.671875
0.330561
0.859259
0.240842
0.616784
0.257841
0.550128
0.910549
0.586822
0.189125
0.755404
0.275212
0.520299
0.981634
0.151522
0.020929
0.903867
0.446293
0.496894
0.782195
0.229258
0.614115
0.558452
0.168696
0.848018
0.561257
0.857178
0.122965
0.647450
0.193745
0.627532
0.681113
0.377587
0.284578
0.341524
0.757160
0.647983
0.359727
0.310007
0.294917
0.786556
0.560560
0.154187
0.049365
0.249101
0.879186
0.904780
0.477981
0.597338
0.142659
0.736347
0.852051
0.382281
0.121590
0.044816
0.133664
0.773095
0.843197
0.213156
0.525208
0.966631
0.245234
0.484392
0.022212
0.149368
0.541892
0.336678
0.788662
0.724057
0.967799
0.558618
0.593816
0.791763
0.218376
0.615788
0.698733
0.918742
0.335085
0.788168
0.148295
0.103297
0.630553
0.700306
0.282084
0.936077
0.186725
0.222289
0.262764
0.452719
0.113343
0.985512
0.013692
0.714666
0.617582
0.017074
0.873420
0.510919
0.360623
0.409334
0.435305
0.299388
0.202393
0.304106
0.105044
0.949384
0.416673
0.558235
0.646153
0.888404
0.316469
0.891058
0.151727
0.055093
0.130597
0.298258
0.148072
0.177901
0.459923
0.758853
0.693753
0.364975
0.181744
0.544013
0.504750
0.021356
0.804028
0.967652
0.501197
0.057541
0.131865
0.336938
0.098001
0.476498
0.390057
0.950250
0.853333
0.795687
0.240951
0.952946
0.668588
0.252644
0.444442
0.231401
0.936277
0.973233
0.006706
0.668284
0.278813
0.945414
0.276333
0.069509
0.780474
0.549762
0.612585
0.487335
0.151965
0.892233
0.531604
0.461867
0.853459
0.836544
0.411069
0.695165
0.135416
0.145655
0.773575
0.425787
0.050014
0.537714
0.981784
0.466281
0.651788
0.076828
0.611268
0.684871
0.668976
0.435688
0.804475
0.912108
0.281598
0.548575
0.889509
0.773045
0.369920
0.762450
0.797272
0.928807
0.137402
0.117629
0.886342
0.317557
0.268302
0.577138
0.902701
0.553330
0.082621
0.802082
0.396934
0.654430
0.542306
0.291803
0.589325
0.171288
0.185973
0.102057
0.585691
0.210479
0.219643
0.393687
0.705948
0.724884
0.676896
0.873113
0.245806
0.400780
0.624190
0.105084
0.553622
0.933095
0.406781
0.112396
0.308182
0.575660
0.395987
0.592162
0.690841
0.613245
0.745004
0.134408
0.724862
0.859705
0.222901
0.030713
0.716656
0.456433
0.319927
0.138504
0.067511
0.414448
0.044316
0.010870
0.142725
0.803107
0.380745
0.286567
0.197491
0.030983
0.670389
0.171951
0.833432
0.245115
0.899514
0.257985
0.662334
0.052169
0.645370
0.672504
0.329128
0.209638
0.443876
0.153622
0.691904
0.602354
0.654683
0.921571
0.721007
0.810697
0.030584
0.637485
0.487841
0.332264
0.061667
0.746824
0.868627
0.199826
0.263130
0.205989
0.000385
0.384702
0.177286
0.645474
0.490921
0.664437
0.326780
0.571100
0.073557
0.063061
0.741622
0.563944
0.695549
0.419687
0.370463
0.476254
0.129048
0.465982
0.848646
0.799420
0.413330
0.852755
0.608708
0.222364
0.877227
0.184968
0.726173
0.373026
0.476701
0.161259
0.484420
0.774888
0.592321
0.342096
0.082910
0.889328
0.532366
0.843196
0.948446
0.683019
0.395746
0.235654
0.723776
0.832558
0.540743
0.972737
0.475213
0.255401
0.522322
0.155616
0.702143
0.300478
0.843152
0.755935
0.359458
0.488369
0.728436
0.201445
0.151719
0.294971
0.605525
0.633699
0.669441
0.412879
0.549655
0.458269
0.709957
0.264002
0.854232
0.143439
0.113393
0.241018
0.866245
0.630790
0.060564
0.021811
0.570249
0.712039
0.922584
0.112670
0.649403
0.419448
0.958219
0.863910
0.889176
0.722355
0.897323
0.739126
0.453991
0.094047
0.363258
0.539000
0.390008
0.512113
0.483599
0.526681
0.683306
0.079701
0.194267
0.132554
0.888831
0.513235
0.114709
0.299959
0.683179
0.109369
0.470109
0.807078
0.858222
0.207390
0.519514
0.450575
0.705029
0.608074
0.104522
0.122359
0.369457
0.467775
0.297994
0.076254
0.905555
0.346387
0.978942
0.982397
0.123822
0.646586
0.175886
0.873757
0.477856
0.877532
0.131420
0.899779
0.399758
0.553857
0.130036
0.029605
0.715281
0.085463
0.767215
0.373293
0.875711
0.495271
0.778621
0.933479
0.283429
0.601566
0.634151
0.519762
0.083729
0.445135
0.083647
0.397803
0.557671
0.756548
0.207583
0.202836
0.055154
0.323600
0.426838
0.022058
0.729195
0.444181
0.748381
0.226763
0.531631
0.465847
0.380625
0.539994
0.059756
0.466564
0.196548
0.514220
0.945144
0.347144
0.424669
0.775093
0.153209
0.320660
0.855824
0.322586
0.007276
0.001180
0.305518
0.747194
0.046996
0.687695
0.253939
0.759390
0.443052
0.026873
0.262522
0.355313
0.600659
0.296791
0.872719
0.488955
0.801262
0.229892
0.655877
0.078341
0.513778
0.084359
0.513008
0.222747
0.846645
0.365603
0.546056
0.653142
0.002644
0.452644
0.686660
0.182124
0.386952
0.786291
0.292153
0.808745
0.032054
0.383668
0.721304
0.436271
0.674523
0.896644
0.638692
0.162354
0.404777
0.967413
0.718882
0.545999
0.576396
0.130928
0.458961
0.570083
0.790522
0.784194
0.950107
0.947539
0.477035
0.460549
0.025506
0.611779
0.749779
0.231161
0.342749
0.684626
0.937849
0.815324
0.028750
0.757443
0.923365
0.946750
0.407078
0.480490
0.901111
0.264957
0.316084
0.222981
0.783141
0.977442
0.983409
0.479320
0.017935
0.806692
0.661937
0.749085
0.323271
0.432137
0.415361
0.947241
0.645905
0.259821
0.821053
0.550217
0.573322
0.577456
0.072810
0.350189
0.961744
0.649159
0.607063
0.302343
0.896680
0.152294
0.034131
0.307772
0.861728
0.403877
0.621699
0.207249
0.864254
0.700957
0.507490
0.324576
0.635109
0.677168
0.060155
0.023094
0.132315
0.526052
0.423565
0.891771
0.762328
0.016590
0.647098
0.241033
0.429011
0.109804
0.304436
0.164618
0.105360
0.840815
0.551324
0.302524
0.588643
0.130763
0.627080
0.371973
0.381272
0.702033
0.599967
0.098519
0.954243
0.378660
0.040323
0.408776
0.397792
0.045745
0.004995
0.828788
0.582173
0.703787
0.607655
0.091560
0.002072
0.046230
0.192891
0.673912
0.066644
0.126668
0.822567
0.438886
0.541265
0.812273
0.994196
0.129774
0.016170
0.205539
0.013107
0.167526
0.364789
0.344379
0.831202
0.909666
0.881499
0.519735
0.877238
0.586411
0.054043
0.303702
0.954933
0.994587
0.831616
0.979882
0.908470
0.665855
0.433180
0.397525
0.182769
0.687565
0.955029
0.015151
0.920841
0.064258
0.101768
0.784695
0.885094
0.548527
0.838094
0.508707
0.036454
0.642076
0.017587
0.516797
0.714305
0.299199
0.046930
0.082769
0.574766
0.044466
0.471957
0.440574
0.128947
0.575050
0.550342
0.455206
0.431540
0.179015
0.286402
0.134539
0.589728
0.463379
0.367172
0.830930
0.764251
0.987880
0.560854
0.675775
0.866640
0.901880
0.000902
0.422348
0.714958
0.569673
0.723978
0.566413
0.289064
0.316165
0.357380
0.684113
0.256873
0.163023
0.298719
0.730778
0.059449
0.889325
0.518223
0.545458
0.571356
0.758717
0.841887
0.445265
0.617464
0.113794
0.625773
0.118680
0.435938
0.562000
0.077986
0.713832
0.149387
0.565496
0.487803
0.222809
0.264097
0.288049
0.040394
0.357308
0.273340
0.171859
0.297210
0.041868
0.505235
0.529039
0.348419
0.035541
0.589356
0.225908
0.997653
0.398003
0.076068
0.445613
0.356575
0.137216
0.731725
0.733482
0.224008
0.296944
0.353763
0.896747
0.231546
0.838246
0.104702
0.221816
0.339992
0.249641
0.246010
0.189061
0.599255
0.918311
0.840449
0.489967
0.082635
0.790912
0.303174
0.387526
0.276178
0.419810
0.573384
0.486642
0.459114
0.462771
0.333676
0.672235
0.586446
0.154332
0.320811
0.796043
0.635889
0.281279
0.294207
0.042756
0.392265
0.225814
0.180616
0.214637
0.277283
0.273298
0.294462
0.785377
0.073799
0.775685
0.071985
0.240233
0.767056
0.323618
0.143119
0.512522
0.175222
0.100250
0.934788
0.689753
0.634729
0.251035
0.301438
0.503903
0.840098
0.889049
0.598951
0.309310
0.047871
0.481892
0.108387
0.871350
0.136618
0.799111
0.498170
0.391066
0.534874
0.455428
0.830682
0.028945
0.428951
0.920875
0.400504
0.844199
0.993504
0.978814
0.284473
0.561414
0.787301
0.760696
0.736987
0.263181
0.277218
0.702088
0.564373
0.293140
0.762564
0.819370
0.918054
0.824961
0.322098
0.590337
0.702058
0.939459
0.971683
0.905999
0.880219
0.579221
0.682386
0.977982
0.784792
0.297440
0.316789
0.489548
0.674205
0.504102
0.837333
0.315424
0.374360
0.063427
0.436039
0.455421
0.283084
0.778976
0.164287
0.103554
0.458165
0.725208
0.224394
0.559219
0.877074
0.866088
0.082618
0.662875
0.018816
0.359438
0.101563
0.481515
0.874601
0.283592
0.743362
0.606216
0.413846
0.822467
0.518728
0.957013
0.478760
0.860849
0.034169
0.068586
0.845382
0.428694
0.030242
0.314945
0.394609
0.261710
0.582093
0.990719
0.485644
0.386025
0.988946
0.318973
0.963351
0.339428
0.979270
0.456096
0.062272
0.849793
0.835121
0.158569
0.601242
0.981285
0.575355
0.942369
0.749869
0.983753
0.899865
0.635983
0.151094
0.033216
0.531456
0.496600
0.054894
0.595722
0.344767
0.251975
0.207891
0.570208
0.097392
0.575622
0.751669
0.259226
0.774989
0.049453
0.737513
0.291352
0.677970
0.584027
0.081724
0.444741
0.173495
0.013171
0.246102
0.879019
0.760942
0.558439
0.502628
0.841245
0.352461
0.037107
0.073310
0.876203
0.357156
0.421775
0.121363
0.958697
0.366471
0.552734
0.376915
0.671892
0.748150
0.735464
0.388887
0.119228
0.812876
0.957646
0.007468
0.418978
0.979556
0.273846
0.592691
0.880376
0.136469
0.981236
0.290293
0.331898
0.423316
0.950119
0.575459
0.023628
0.329802
0.105991
0.772691
0.273521
0.868253
0.772827
0.412288
0.038800
0.164724
0.527696
0.186782
0.953835
0.597925
0.812398
0.176716
0.525770
0.445641
0.272325
0.598060
0.405524
0.509966
0.819742
0.866538
0.502260
0.101181
0.216429
0.499795
0.697612
0.047421
0.653582
0.547985
0.098863
0.348106
0.768332
0.735745
0.207873
0.732988
0.060998
0.071923
0.515129
0.809029
0.512887
0.423448
0.337400
0.626811
0.892794
0.978507
0.368183
0.092566
0.105247
0.710261
0.698243
0.820860
0.524279
0.869907
0.325858
0.037452
0.619730
0.141749
0.304604
0.780384
0.031288
0.566865
0.166785
0.689130
0.104913
0.415680
0.550899
0.197506
0.201520
0.623295
0.551232
0.154597
0.363760
0.703965
0.581358
0.567336
0.365486
0.524464
0.440275
0.417591
0.316641
0.114301
0.777044
0.904671
0.719207
0.598895
0.679223
0.990882
0.242025
0.998321
0.769942
0.923874
0.268068
0.999816
0.217247
0.706296
0.386413
0.678319
0.785980
0.901080
0.869501
0.738557
0.695721
0.236354
0.064550
0.372330
0.671998
0.919746
0.351408
0.219693
0.917904
0.821117
0.471629
0.823238
0.765647
0.538806
0.801739
0.851570
0.744936
0.878703
0.624481
0.336804
0.637941
0.741720
0.235399
0.314262
0.889455
0.326681
0.539989
0.791114
0.773637
0.081107
0.257647
0.122914
0.242890
0.629962
0.346716
0.565647
0.371774
0.722265
0.364457
0.370008
0.727180
0.752747
0.942159
0.750678
0.364192
0.081927
0.684835
0.333680
0.939973
0.494787
0.515537
0.563766
0.485739
0.195828
0.540479
0.359978
0.676469
0.344128
0.206756
0.649542
0.147699
0.906181
0.340475
0.400112
0.568054
0.737465
0.814837
0.388161
0.907207
0.461722
0.081217
0.016775
0.646719
0.451554
0.951280
0.840067
0.503618
0.223015
0.204724
0.140528
0.784248
0.860155
0.707885
0.508990
0.362413
0.293870
0.036416
0.719402
0.644009
0.879118
0.251593
0.839351
0.265234
0.580599
0.342794
0.922842
0.467406
0.671068
0.261791
0.728934
0.866910
0.750163
0.548047
0.503694
0.797386
0.747960
0.406658
0.308513
0.630258
0.158360
0.114727
0.613485
0.976416
0.835480
0.106032
0.469117
0.851720
0.107669
0.839666
0.666431
0.265717
0.443687
0.048758
0.976565
0.148838
0.676840
0.143773
0.936726
0.542505
0.115731
0.534243
0.671443
0.622672
0.230268
0.294928
0.348038
0.517941
0.363033
0.315108
0.297903
0.780998
0.784493
0.445979
0.342782
0.451105
0.199955
0.327683
0.649244
0.120176
0.749246
0.686931
0.101269
0.099276
0.027641
0.583178
0.547278
0.591818
0.973983
0.260468
0.237554
0.207910
0.107187
0.904238
0.922337
0.739051
0.738332
0.166734
0.064991
0.750921
0.204289
0.558431
0.809065
0.056554
0.490194
0.756912
0.361286
0.123010
0.181664
0.416105
0.443763
0.424653
0.535030
0.424044
0.048905
0.135013
0.648069
0.512782
0.649236
0.598758
0.815004
0.314070
0.360852
0.799587
0.144969
0.067142
0.237280
0.146857
0.724973
0.146303
0.180130
0.237354
0.065985
0.480654
0.101108
0.585360
0.986294
0.719727
0.481742
0.579643
0.188413
0.396343
0.421545
0.247602
0.801886
0.134156
0.083525
0.184608
0.772835
0.061967
0.038413
0.920661
0.823855
0.290704
0.261028
0.445874
0.946283
0.465850
0.391812
0.931290
0.181234
0.860395
0.294058
0.189754
0.336169
0.188008
0.199460
0.353578
0.267078
0.437236
0.506737
0.652341
0.201144
0.932216
0.870716
0.968772
0.850541
0.896483
0.206505
0.232617
0.846660
0.227585
0.291707
0.406177
0.685995
0.637834
0.831629
0.956103
0.534647
0.843214
0.667566
0.748163
0.622872
0.468410
0.358035
0.276713
0.866391
0.215021
0.593267
0.232983
0.237526
0.027585
0.325885
0.430190
0.399070
0.818523
0.425407
0.088952
0.428512
0.666747
0.617809
0.278433
0.413800
0.248956
0.863217
0.130721
0.506852
0.712130
0.725749
0.852362
0.338422
0.063550
0.147410
0.619178
0.677016
0.488579
0.851264
0.319131
0.870727
0.794313
0.761629
0.430712
0.793431
0.295167
0.220266
0.133051
0.164202
0.509244
0.770605
0.906488
0.207048
0.465831
0.357421
0.214982
0.565246
0.919630
0.628869
0.689797
0.683974
0.118779
0.087468
0.338844
0.662298
0.913741
0.897397
0.442180
0.863605
0.363643
0.147746
0.074775
0.736504
0.015923
0.228510
0.958086
0.861297
0.873688
0.706847
0.712603
0.942006
0.067942
0.313327
0.902663
0.187227
0.871962
0.356552
0.593486
0.441068
0.968312
0.345546
0.015471
0.759130
0.612929
0.567354
0.385467
0.643140
0.454665
0.536119
0.889415
0.234622
0.475184
0.179416
0.528261
0.199947
0.144007
0.890023
0.793451
0.643366
0.614900
0.804536
0.341840
0.244908
0.421479
0.661339
0.699533
0.554928
0.303945
0.606161
0.375395
0.571890
0.350562
0.518034
0.651831
0.933520
0.761222
0.451001
0.250745
0.609513
0.300870
0.452064
0.901308
0.256091
0.863072
0.775085
0.802258
0.474903
0.310652
0.941681
0.216852
0.021199
0.952786
0.025129
0.190196
0.413252
0.368018
0.174277
0.936392
0.453400
0.077773
0.719271
0.426357
0.758207
0.822874
0.551860
0.488164
0.961726
0.808229
0.433724
0.245875
0.677439
0.214286
0.347587
0.803641
0.627223
0.316331
0.389926
0.669733
0.821326
0.352781
0.120758
0.739037
0.064435
0.156160
0.614729
0.931034
0.385108
0.075453
0.852031
0.805865
0.763199
0.924215
0.271597
0.957272
0.411320
0.999235
0.227079
0.030877
0.859396
0.467479
0.424314
0.144119
0.493542
0.163701
0.650265
0.925314
0.212265
0.518524
0.699743
0.783459
0.404413
0.002462
0.407404
0.339005
0.068174
0.725080
0.781044
0.923396
0.939256
0.817383
0.909760
0.523733
0.282832
0.119795
0.326060
0.159436
0.593701
0.408135
0.560126
0.488415
0.533832
0.360358
0.973608
0.987030
0.342826
0.875460
0.743293
0.168923
0.230536
0.675933
0.413251
0.291459
0.317442
0.646939
0.772074
0.613319
0.540613
0.547268
0.666293
0.325513
0.311920
0.525176
0.532502
0.188444
0.011677
0.657140
0.288493
0.429468
0.872554
0.841792
0.568222
0.082620
0.758489
0.817423
0.933389
0.273759
0.538607
0.357924
0.736323
0.141419
0.575115
0.990841
0.989397
0.446917
0.916861
0.927890
0.992419
0.478576
0.894654
0.191468
0.800906
0.551457
0.720141
0.935457
0.195584
0.617778
0.454998
0.182326
0.935091
0.212829
0.749825
0.102385
0.773230
0.788596
0.715308
0.947632
0.138598
0.740109
0.361255
0.194118
0.680134
0.759121
0.546271
0.146253
0.054740
0.938198
0.428089
0.531622
0.119753
0.544737
0.228622
0.266274
0.962893
0.385347
0.963715
0.251130
0.512722
0.381146
0.232063
0.648161
0.694648
0.375386
0.032063
0.527014
0.818320
0.402416
0.060839
0.401909
0.933714
0.394938
0.400747
0.880862
0.699821
0.765722
0.954292
0.238712
0.446371
0.999575
0.904776
0.746475
0.198170
0.844429
0.823457
0.803289
0.287534
0.945406
0.743855
0.333373
0.720539
0.005500
0.808641
0.468151
0.481732
0.706734
0.402661
0.296609
0.567274
0.002278
0.747672
0.525875
0.224904
0.203003
0.602530
0.274001
0.340812
0.584030
0.331017
0.901922
0.807545
0.203862
0.838795
0.611979
0.102565
0.895790
0.202490
0.520721
0.783837
0.585798
0.648595
0.343465
0.733780
0.685838
0.999485
0.210844
0.269895
0.675999
0.758079
0.196234
0.583364
0.461714
0.591956
0.280727
0.129162
0.950418
0.194321
0.246174
0.390060
0.335686
0.585175
0.581112
0.175347
0.863929
0.884225
0.459894
0.227450
0.297212
0.535354
0.896759
0.178953
0.217938
0.612522
0.486114
0.812363
0.678528
0.339750
0.912568
0.834640
0.551750
0.983090
0.657014
0.382885
0.570629
0.161392
0.131727
0.206898
0.001563
0.348044
0.134403
0.356977
0.769863
0.453121
0.443833
0.313075
0.256234
0.826265
0.446605
0.017011
0.376903
0.889795
0.583989
0.837609
0.350521
0.414394
0.480288
0.893720
0.779305
0.584579
0.294597
0.192545
0.562517
0.229357
0.960922
0.790423
0.564548
0.252322
0.618562
0.784911
0.642085
0.571421
0.641181
0.493179
0.153972
0.453459
0.686372
0.209395
0.739109
0.891112
0.018366
0.050150
0.232320
0.856015
0.379342
0.327357
0.198819
0.202716
0.592079
0.681875
0.469683
0.047015
0.712088
0.288313
0.510257
0.831446
0.414850
0.636541
0.520500
0.232155
0.306805
0.960216
0.175582
0.713437
0.765465
0.759616
0.425984
0.781904
0.710357
0.040533
0.220106
0.410338
0.447014
0.963811
0.540125
0.336027
0.074789
0.428743
0.953131
0.311479
0.152904
0.764444
0.690427
0.780415
0.810645
0.647909
0.729704
0.448129
0.403169
0.754701
0.018095
0.481630
0.704045
0.778822
0.027834
0.592598
0.739997
0.149914
0.558333
0.136450
0.042936
0.232037
0.275010
0.198170
0.621617
0.798747
0.518989
0.917930
0.764844
0.630649
0.103519
0.156933
0.213810
0.293085
0.688659
0.587772
0.558904
0.572596
0.426596
0.242945
0.185760
0.466600
0.308331
0.957253
0.164190
0.299234
0.926845
0.357534
0.029922
0.639208
0.766464
0.483593
0.177181
0.322592
0.438914
0.235750
0.103253
0.468858
0.052465
0.274951
0.864758
0.619699
0.857089
0.841234
0.575602
0.698530
0.831591
0.116156
0.641004
0.619683
0.761059
0.492544
0.092453
0.841831
0.067085
0.659170
0.269118
0.260723
0.464598
0.681928
0.292103
0.209582
0.741023
0.935777
0.454584
0.954886
0.448060
0.145650
0.439018
0.134995
0.419927
0.879200
0.040654
0.074274
0.891624
0.783318
0.191121
0.169341
0.374744
0.482821
0.795403
0.584812
0.465990
0.080231
0.944882
0.415205
0.081830
0.476503
0.642567
0.564089
0.293953
0.107199
0.749102
0.462164
0.047062
0.830229
0.007853
0.256656
0.601340
0.131630
0.827510
0.550582
0.371475
0.417746
0.955135
0.694591
0.135103
0.796918
0.782581
0.700585
0.839250
0.574667
0.564503
0.693537
0.549960
0.149251
0.997455
0.337879
0.857330
0.200818
0.745876
0.999783
0.567216
0.873074
0.908943
0.159065
0.939876
0.108636
0.596794
0.113862
0.109764
0.375639
0.635859
0.044322
0.465918
0.833226
0.297732
0.140490
0.551676
0.498883
0.864462
0.402587
0.694239
0.069176
0.788044
0.851470
0.928655
0.208354
0.631403
0.692659
0.366199
0.187096
0.556826
0.402270
0.902470
0.822806
0.436146
0.746384
0.872790
0.100295
0.039148
0.826142
0.544620
0.568321
0.166866
0.971311
0.776429
0.306652
0.777011
0.692071
0.983164
0.596078
0.402772
0.516862
0.702340
0.708890
0.396077
0.745401
0.042280
0.994922
0.398509
0.031820
0.191669
0.944518
0.859278
0.201852
0.900560
0.200638
0.931334
0.073643
0.940793
0.722830
0.537340
0.637085
0.836143
0.758379
0.672577
0.366699
0.589314
0.637767
0.523915
0.320030
0.246673
0.484024
0.283421
0.729494
0.481484
0.477753
0.340931
0.257590
0.050466
0.033648
0.811378
0.258071
0.571516
0.152605
0.355701
0.564019
0.997806
0.279907
0.984403
0.975725
0.183807
0.970957
0.202309
0.425628
0.871363
0.631493
0.556711
0.218025
0.741493
0.387493
0.430853
0.896917
0.266140
0.913082
0.690058
0.767302
0.936157
0.524253
0.901709
0.661493
0.931101
0.917766
0.747960
0.403080
0.444525
0.865703
0.946767
0.780476
0.290219
0.518836
0.335806
0.493589
0.893730
0.948894
0.866451
0.404822
0.149848
0.318035
0.573170
0.622006
0.713265
0.786329
0.946386
0.517096
0.984594
0.080810
0.213375
0.260071
0.821017
0.852638
0.289890
0.084250
0.859178
0.334417
0.587854
0.729922
0.117609
0.585741
0.180479
0.690370
0.503361
0.057968
0.797368
0.746452
0.248040
0.302195
0.380930
0.751843
0.248787
0.438625
0.108393
0.710931
0.325689
0.844383
0.838659
0.837490
0.032541
0.665003
0.532278
0.156754
0.822809
0.665380
0.662722
0.127229
0.949134
0.775415
0.723985
0.743961
0.736623
0.973246
0.955051
0.853329
0.012078
0.779087
0.371138
0.970335
0.660914
0.156763
0.514078
0.737190
0.075865
0.097691
0.271950
0.595326
0.725146
0.378720
0.838351
0.352644
0.938122
0.376747
0.407995
0.499776
0.181983
0.200480
0.965059
0.145281
0.035286
0.788664
0.617489
0.691742
0.826612
0.954663
0.588586
0.491179
0.806895
0.902905
0.072776
0.124014
0.164263
0.598151
0.972044
0.884431
0.721890
0.007272
0.594765
0.798733
0.648042
0.432868
0.332894
0.225959
0.873356
0.029401
0.871974
0.874076
0.347641
0.784486
0.791727
0.865702
0.679069
0.263573
0.040144
0.990325
0.230914
0.323598
0.136982
0.139170
0.477315
0.184456
0.776084
0.304086
0.760098
0.293273
0.882664
0.398014
0.812553
0.380138
0.348162
0.259264
0.967997
0.472246
0.762289
0.684752
0.642393
0.336803
0.532244
0.054994
0.544697
0.477302
0.312212
0.921568
0.539902
0.747032
0.697427
0.895532
0.606041
0.352802
0.754550
0.242503
0.140529
0.360242
0.413536
0.071740
0.485255
0.038478
0.020162
0.581621
0.322178
0.613379
0.056289
0.422019
0.778384
0.934415
0.725646
0.181630
0.716238
0.187670
0.124747
0.389971
0.178004
0.972571
0.593374
0.074402
0.035058
0.829943
0.481227
0.590801
0.620989
0.066536
0.620757
0.903638
0.326794
0.033886
0.824491
0.773078
0.959702
0.477871
0.345471
0.477838
0.144354
0.348960
0.764716
0.901003
0.682666
0.056768
0.484196
0.799026
0.239287
0.340253
0.997102
0.043915
0.981904
0.296398
0.304516
0.632556
0.631809
0.729084
0.503634
0.887468
0.991351
0.640243
0.203895
0.822375
0.172403
0.492754
0.275806
0.995067
0.189455
0.822500
0.233310
0.664609
0.543803
0.746828
0.278940
0.861288
0.759504
0.709252
0.610485
0.627181
0.178043
0.695126
0.594375
0.294184
0.757410
0.609381
0.278964
0.236676
0.028021
0.544959
0.202781
0.349547
0.709259
0.628515
0.599236
0.275217
0.777270
0.573523
0.467750
0.932985
0.349387
0.576359
0.264390
0.393720
0.031776
0.559629
0.534091
0.973952
0.692230
0.252751
0.756524
0.149056
0.998777
0.992143
0.015196
0.164913
0.381640
0.203276
0.131335
0.182910
0.670197
0.292920
0.882707
0.005604
0.158426
0.045805
0.953660
0.930458
0.828623
0.107202
0.176461
0.463199
0.374537
0.439436
0.008411
0.603981
0.607686
0.522550
0.536418
0.170688
0.574183
0.010222
0.298063
0.677557
0.119792
0.794337
0.242075
0.860392
0.070320
0.067140
0.433790
0.128723
0.429131
0.132446
0.007275
0.998434
0.835401
0.101571
0.964162
0.147656
0.212736
0.505125
0.877717
0.245790
0.802614
0.110889
0.537412
0.998678
0.524262
0.290638
0.951981
0.759115
0.287076
0.592186
0.785164
0.582287
0.851608
0.102148
0.211620
0.781137
0.525125
0.803254
0.991416
0.720316
0.218851
0.717480
0.983630
0.006400
0.436756
0.260022
0.780837
0.034334
0.906825
0.201703
0.797323
0.698552
0.546794
0.306500
0.408798
0.256960
0.393502
0.650468
0.558885
0.191157
0.221060
0.049774
0.478240
0.117139
0.003775
0.385619
0.088973
0.482034
0.624864
0.297884
0.013026
0.833718
0.488405
0.162752
0.124663
0.301658
0.410226
0.693598
0.302787
0.608518
0.955437
0.749582
0.933462
0.631057
0.536570
0.386432
0.386175
0.610970
0.237004
0.855649
0.741440
0.413135
0.629037
0.188022
0.526722
0.393313
0.797292
0.874611
0.226625
0.463321
0.730514
0.590507
0.842057
0.323133
0.406030
0.615596
0.013615
0.145535
0.147752
0.509779
0.293022
0.003988
0.182419
0.573015
0.698249
0.545881
0.760679
0.039414
0.931428
0.058873
0.435114
0.897110
0.307473
0.140541
0.931859
0.151107
0.714021
0.417240
0.480402
0.025003
0.976848
0.168812
0.683032
0.235738
0.094882
0.136108
0.553535
0.564839
0.358018
0.322411
0.556607
0.437718
0.347703
0.824833
0.017195
0.533632
0.572180
0.062875
0.087966
0.882105
0.245957
0.306768
0.358764
0.702904
0.617129
0.321001
0.696657
0.569802
0.233666
0.429047
0.731195
0.677641
0.114953
0.827158
0.424413
0.178355
0.895378
0.432487
0.484164
0.010743
0.078272
0.572840
0.159581
0.753402
0.147763
0.687634
0.583626
0.223739
0.296153
0.683646
0.258573
0.354564
0.742772
0.807107
0.137633
0.541994
0.298798
0.195711
0.673229
0.804315
0.203491
0.791663
0.687872
0.205990
0.207419
0.578716
0.881388
0.310381
0.190051
0.957369
0.706989
0.783110
0.870033
0.190826
0.671848
0.360388
0.920579
0.272842
0.904651
0.197780
0.694296
0.290753
0.059405
0.222272
0.834892
0.407066
0.401889
0.491360
0.189377
0.778341
0.355558
0.346189
0.852197
0.633811
0.215194
0.724855
0.807743
0.674013
0.643228
0.888257
0.039574
0.354255
0.216294
0.561774
0.916492
0.755610
0.076376
0.201162
0.527645
0.568538
0.296970
0.193580
0.791953
0.370946
0.579894
0.330627
0.247535
0.051705
0.113631
0.691348
0.216681
0.679051
0.794915
0.088362
0.579628
0.038587
0.514394
0.029834
0.986351
0.780877
0.896493
0.813500
0.184043
0.584179
0.974145
0.832634
0.508764
0.572628
0.022772
0.240853
0.973584
0.052562
0.668313
0.416333
0.281558
0.725846
0.176281
0.661898
0.781785
0.659449
0.631481
0.828471
0.298110
0.556257
0.905182
0.424635
0.172735
0.994710
0.778876
0.048672
0.043976
0.531705
0.543426
0.745348
0.612084
0.161050
0.952869
0.314450
0.441712
0.978390
0.472501
0.194534
0.816282
0.205337
0.839131
0.494111
0.987495
0.561424
0.666209
0.789111
0.430217
0.314867
0.016900
0.866949
0.818375
0.592787
0.703383
0.765687
0.552349
0.083658
0.784566
0.795917
0.445982
0.040621
0.706179
0.507573
0.596653
0.454682
0.805433
0.388976
0.033827
0.937474
0.301695
0.770720
0.575201
0.916839
0.142298
0.310304
0.675537
0.136948
0.771310
0.032141
0.329187
0.376939
0.970146
0.918872
0.296979
0.584469
0.749461
0.352290
0.532991
0.581980
0.844685
0.658021
0.403760
0.569171
0.443408
0.979237
0.963917
0.217106
0.184585
0.645996
0.290291
0.078697
0.585711
0.385526
0.068366
0.286562
0.906037
0.654067
0.027674
0.900103
0.486053
0.193096
0.465376
0.861398
0.874696
0.827044
0.226506
0.803262
0.499321
0.281468
0.785537
0.771812
0.433742
0.917916
0.288620
0.684481
0.857534
0.881733
0.729536
0.078094
0.980596
0.298904
0.715886
0.678846
0.653200
0.867547
0.992925
0.208003
0.811417
0.128968
0.683260
0.713800
0.262757
0.649754
0.501650
0.213285
0.905731
0.159276
0.751444
0.495255
0.627958
0.104782
0.161570
0.539929
0.123525
0.304327
0.576148
0.746999
0.985841
0.518211
0.018860
0.595453
0.422138
0.448286
0.634630
0.863681
0.613909
0.773485
0.614548
0.148123
0.996719
0.437043
0.157302
0.850820
0.742974
0.854163
0.264900
0.741892
0.355985
0.624185
0.933201
0.848664
0.867770
0.839020
0.566185
0.506049
0.951112
0.764414
0.567086
0.441197
0.921227
0.447494
0.416434
0.265747
0.625911
0.449978
0.183943
0.952877
0.356023
0.154417
0.109534
0.866266
0.128744
0.218529
0.508308
0.719403
0.411254
0.256559
0.394976
0.509524
0.348856
0.097825
0.341299
0.763275
0.558192
0.505616
0.376358
0.237828
0.834778
0.589129
0.417232
0.562193
0.099039
0.557223
0.133890
0.849873
0.407576
0.232830
0.909189
0.879652
0.496325
0.635424
0.417440
0.419213
0.906611
0.404914
0.443279
0.814242
0.066819
0.014194
0.491577
0.368255
0.083035
0.004529
0.013231
0.018769
0.926393
0.327385
0.491116
0.498270
0.585052
0.190096
0.734377
0.504848
0.040275
0.892868
0.696727
0.663779
0.724295
0.192053
0.780078
0.170411
0.905063
0.278437
0.965424
0.445662
0.134388
0.525587
0.546012
0.884014
0.195861
0.749197
0.376339
0.044893
0.707095
0.697534
0.322963
0.143609
0.739436
0.183601
0.925066
0.650551
0.065348
0.236338
0.482585
0.717546
0.932373
0.775779
0.284457
0.196323
0.467525
0.225065
0.155438
0.822489
0.378002
0.870837
0.016435
0.909893
0.932141
0.208717
0.228304
0.148107
0.825404
0.874017
0.250880
0.634046
0.968375
0.804800
0.980618
0.381647
0.225805
0.449572
0.973258
0.092931
0.836198
0.125285
0.603956
0.650022
0.660982
0.073193
0.595998
0.467501
0.549040
0.130550
0.756028
0.603798
0.056176
0.129520
0.040679
0.820378
0.271664
0.336015
0.032936
0.102817
0.714367
0.665469
0.840114
0.540383
0.141255
0.145867
0.062979
0.324909
0.375765
0.068207
0.704778
0.381047
0.065848
0.255770
0.966816
0.870764
0.777244
0.100692
0.166952
0.094444
0.462217
0.641906
0.744989
0.063421
0.690825
0.661055
0.339850
0.495762
0.661886
0.002733
0.934092
0.251686
0.465467
0.560488
0.210678
0.892441
0.697485
0.258925
0.704673
0.081530
0.266009
0.966880
0.033660
0.310116
0.331278
0.058180
0.561207
0.476911
0.613939
0.420016
0.112404
0.805188
0.722522
0.733672
0.832803
0.864661
0.434499
0.218757
0.179087
0.489008
0.803193
0.380128
0.258876
0.580843
0.339342
0.672288
0.895660
0.099667
0.634824
0.393103
0.537198
0.279324
0.419102
0.838291
0.481151
0.539532
0.034831
0.222168
0.518928
0.542521
0.426935
0.266421
0.870165
0.569328
0.747255
0.468010
0.925995
0.100580
0.284800
0.655048
0.985323
0.255242
0.700014
0.121622
0.346025
0.025275
0.396733
0.246089
0.609562
0.418743
0.611984
0.189248
0.548899
0.119412
0.166983
0.009147
0.274456
0.424094
0.053567
0.268303
0.025557
0.598839
0.947474
0.275016
0.863847
0.653606
0.069240
0.137575
0.215099
0.212781
0.411859
0.892937
0.223106
0.317213
0.367118
0.007191
0.176968
0.566183
0.587540
0.438297
0.030269
0.171192
0.797747
0.334048
0.539959
0.295590
0.883813
0.648602
0.098084
0.039320
0.524421
0.949481
0.198618
0.823315
0.453631
0.255046
0.337358
0.026876
0.685839
0.750425
0.742542
0.303057
0.642905
0.009954
0.935409
0.006484
0.300620
0.092692
0.181457
0.713831
0.243656
0.542159
0.295088
0.313091
0.859082
0.927787
0.262698
0.854784
0.086543
0.283530
0.330652
0.167621
0.251440
0.722137
0.861633
0.098324
0.743907
0.531544
0.055354
0.015011
0.417459
0.004473
0.270672
0.492725
0.692383
0.156070
0.741840
0.505623
0.823895
0.754704
0.829455
0.009936
0.079941
0.242226
0.163621
0.949580
0.785062
0.398255
0.959285
0.841632
0.098349
0.296238
0.215382
0.127688
0.701819
0.791555
0.439747
0.909190
0.421891
0.112536
0.281732
0.222794
0.983488
0.098549
0.240240
0.614221
0.114244
0.308179
0.635299
0.629600
0.878802
0.650033
0.712631
0.277259
0.055551
0.027351
0.897759
0.266947
0.818578
0.791243
0.976699
0.419442
0.139544
0.704798
0.167888
0.144100
0.115600
0.061102
0.040797
0.681806
0.891830
0.948742
0.403012
0.193986
0.730456
0.487332
0.924066
0.860540
0.021965
0.954275
0.743639
0.690054
0.859107
0.112276
0.177068
0.618188
0.996385
0.245239
0.992925
0.411817
0.306131
0.197725
0.983573
0.208540
0.237398
0.148993
0.478062
0.730202
0.501312
0.754918
0.550468
0.834011
0.955333
0.219169
0.052681
0.475652
0.187506
0.207148
0.480284
0.970979
0.434078
0.752912
0.019264
0.243546
0.028671
0.462736
0.996210
0.610877
0.548543
0.635648
0.029183
0.228851
0.098956
0.466925
0.829995
0.372317
0.008252
0.705097
0.742112
0.014243
0.859661
0.861425
0.993695
0.990482
0.588993
0.040532
0.943586
0.151576
0.722296
0.079375
0.565720
0.552240
0.990317
0.345642
0.013958
0.321246
0.514948
0.800059
0.312156
0.839790
0.315526
0.475013
0.145169
0.769606
0.685836
0.010957
0.396447
0.008517
0.873796
0.954888
0.211322
0.191547
0.136729
0.228664
0.003452
0.256671
0.699827
0.716627
0.468572
0.650624
0.737629
0.201014
0.091713
0.080629
0.507757
0.412781
0.427783
0.819206
0.346205
0.287248
0.298549
0.091716
0.974788
0.686725
0.797330
0.322370
0.912940
0.727207
0.613855
0.206672
0.682563
0.648043
0.101455
0.724296
0.058379
0.163800
0.318771
0.309524
0.007188
0.031410
0.249164
0.157745
0.236476
0.144972
0.213087
0.748212
0.242322
0.581714
0.697316
0.693156
0.159684
0.722897
0.160990
0.182788
0.381041
0.895505
0.939594
0.191961
0.012229
0.705541
0.175263
0.216231
0.382526
0.848110
0.458075
0.362838
0.178937
0.678694
0.877157
0.704677
0.474203
0.421955
0.091635
0.956229
0.836557
0.442104
0.511668
0.509162
0.115074
0.777395
0.102599
0.106638
0.808368
0.463259
0.096630
0.135783
0.784090
0.582657
0.258470
0.113672
0.913198
0.782546
0.937699
0.699640
0.028265
0.151956
0.221027
0.614751
0.987399
0.284392
0.786964
0.771179
0.319992
0.772796
0.766831
0.884958
0.965498
0.271193
0.313214
0.427157
0.065080
0.463967
0.562361
0.065602
0.084756
0.151414
0.516078
0.191609
0.982354
0.476376
0.437223
0.259237
0.363309
0.059855
0.341166
0.335128
0.955920
0.608034
0.462006
0.894646
0.669561
0.104169
0.272673
0.626743
0.819777
0.375731
0.039837
0.366955
0.344116
0.190351
0.565546
0.715957
0.961191
0.374671
0.306727
0.908074
0.734735
0.312358
0.408427
0.114505
0.689327
0.874113
0.985430
0.426473
0.530986
0.208779
0.763829
0.490175
0.023528
0.919554
0.324870
0.945462
0.197095
0.334951
0.607363
0.084693
0.864578
0.796367
0.858753
0.505616
0.679543
0.975583
0.211853
0.715895
0.686372
0.068606
0.272247
0.207049
0.008067
0.816764
0.057062
0.979559
0.458918
0.837041
0.343736
0.887316
0.459501
0.865109
0.014063
0.074526
0.450646
0.605458
0.844810
0.175231
0.546004
0.103158
0.360794
0.868141
0.688394
0.170819
0.124816
0.814030
0.557627
0.427562
0.572266
0.190935
0.419152
0.027444
0.612437
0.033751
0.535734
0.006391
0.510215
0.996747
0.409810
0.368154
0.735683
0.749248
0.959913
0.957762
0.207395
0.506659
0.599942
0.860734
0.079450
0.917523
0.334366
0.891595
0.855667
0.479707
0.968450
0.929240
0.959759
0.384728
0.146022
0.914177
0.438383
0.081360
0.135833
0.917787
0.909249
0.480980
0.443953
0.812354
0.093355
0.829281
0.240869
0.094424
0.506021
0.011866
0.638829
0.264565
0.428623
0.864499
0.522268
0.526289
0.936739
0.116863
0.987976
0.841569
0.483842
0.621024
0.074619
0.666671
0.615825
0.333203
0.930187
0.022203
0.963453
0.833180
0.670185
0.552906
0.385703
0.831531
0.157253
0.817570
0.066475
0.894191
0.501753
0.591367
0.858324
0.347917
0.986793
0.977419
0.178544
0.206585
0.338988
0.073798
0.074500
0.877647
0.603929
0.559820
0.529701
0.741513
0.372161
0.694502
0.381445
0.502683
0.885420
0.863859
0.874809
0.511178
0.601337
0.361162
0.242178
0.106414
0.919768
0.534479
0.761085
0.251965
0.489426
0.415186
0.244568
0.593669
0.224324
0.943830
0.732786
0.399414
0.665643
0.387787
0.881527
0.284529
0.218313
0.132627
0.762467
0.742582
0.532719
0.551894
0.652293
0.132141
0.204967
0.739415
0.813183
0.207058
0.018340
0.558469
0.613162
0.629953
0.989095
0.197805
0.776215
0.481530
0.431665
0.817309
0.964368
0.892537
0.066879
0.656960
0.992346
0.335169
0.272281
0.734641
0.026707
0.263132
0.335545
0.823350
0.031681
0.943132
0.176046
0.227266
0.074203
0.676659
0.803231
0.531662
0.413549
0.228549
0.820124
0.442730
0.306468
0.069738
0.359279
0.386581
0.090843
0.660746
0.334479
0.016861
0.907534
0.000717
0.853460
0.564512
0.992695
0.752457
0.441575
0.453521
0.725045
0.811060
0.359523
0.480247
0.629040
0.913928
0.695900
0.750980
0.298524
0.315935
0.754777
0.779334
0.884639
0.015873
0.776010
0.521422
0.011575
0.740000
0.480031
0.989901
0.560953
0.485773
0.142514
0.342498
0.172275
0.539287
0.576143
0.924764
0.145914
0.462387
0.704429
0.578292
0.438440
0.111863
0.871514
0.478812
0.845541
0.592063
0.482858
0.573309
0.259691
0.470237
0.179951
0.258859
0.597511
0.575298
0.000734
0.472457
0.865583
0.348638
0.588144
0.386244
0.593047
0.716548
0.957552
0.246183
0.545164
0.250143
0.499411
0.425428
0.240727
0.589006
0.964907
0.934384
0.935582
0.254513
0.315511
0.782137
0.931494
0.440522
0.473859
0.593678
0.965268
0.610686
0.752975
0.803410
0.581977
0.689978
0.654088
0.037779
0.263880
0.989090
0.335355
0.309698
0.947705
0.188241
0.972590
0.243091
0.707188
0.616189
0.101584
0.757446
0.907278
0.582981
0.780917
0.622716
0.833831
0.729681
0.724133
0.288319
0.163784
0.859390
0.794398
0.837653
0.957368
0.448217
0.415036
0.652542
0.458535
0.671085
0.585090
0.654741
0.323492
0.463789
0.355071
0.677667
0.379137
0.865083
0.683398
0.417928
0.020464
0.698429
0.693063
0.765451
0.305590
0.801646
0.709610
0.609498
0.456501
0.752690
0.089767
0.111600
0.608280
0.719191
0.444480
0.592009
0.222642
0.008207
0.233837
0.780063
0.810272
0.104211
0.625499
0.998623
0.482354
0.863670
0.212925
0.665978
0.697216
0.710786
0.811050
0.676247
0.725601
0.620971
0.645147
0.596374
0.067201
0.388920
0.158568
0.204026
0.202428
0.945679
0.301158
0.180854
0.249504
0.592640
0.291831
0.672341
0.721321
0.433210
0.802660
0.787039
0.903334
0.495074
0.240646
0.158755
0.109925
0.404088
0.410075
0.572458
0.581684
0.703384
0.413316
0.721284
0.796158
0.026860
0.461170
0.443734
0.650941
0.519251
0.730150
0.599311
0.047910
0.928302
0.179905
0.955221
0.590713
0.476422
0.289765
0.943591
0.334120
0.868061
0.530921
0.646903
0.622401
0.637691
0.244154
0.529583
0.172913
0.464724
0.598291
0.383203
0.865153
0.780907
0.670026
0.353755
0.767106
0.879742
0.427976
0.979772
0.630960
0.815745
0.877026
0.644787
0.780393
0.109225
0.077061
0.940950
0.427330
0.835755
0.993845
0.507202
0.813005
0.270860
0.359327
0.504464
0.071929
0.806706
0.938821
0.933928
0.725578
0.967552
0.704167
0.984450
0.381845
0.127148
0.680562
0.615468
0.338860
0.952827
0.993365
0.448473
0.293160
0.188869
0.337191
0.902357
0.387092
0.959260
0.432103
0.272422
0.917025
0.311185
0.062068
0.340954
0.465706
0.708315
0.365945
0.090606
0.675114
0.778758
0.240358
0.461562
0.814818
0.323241
0.392530
0.274427
0.929807
0.828372
0.855352
0.346189
0.966619
0.913135
0.460602
0.160482
0.620717
0.524840
0.421037
0.311971
0.816237
0.940704
0.242902
0.241606
0.994183
0.539117
0.870228
0.933787
0.924549
0.359922
0.166918
0.930658
0.787664
0.386120
0.866385
0.640353
0.919365
0.126125
0.801108
0.085768
0.476590
0.600452
0.871998
0.455982
0.414356
0.594090
0.200127
0.472939
0.400118
0.579092
0.239159
0.492368
0.339604
0.867168
0.537957
0.894449
0.561969
0.390994
0.968817
0.190704
0.690282
0.440739
0.958921
0.232706
0.821821
0.274613
0.298494
0.015385
0.309124
0.038674
0.973767
0.001742
0.159749
0.072194
0.561518
0.064475
0.018937
0.603143
0.907534
0.284709
0.569768
0.926102
0.060884
0.285981
0.406625
0.563719
0.472934
0.507718
0.171233
0.857855
0.360942
0.628693
0.765326
0.112550
0.758453
0.189544
0.412713
0.261526
0.276358
0.645724
0.865567
0.338349
0.855994
0.952641
0.494740
0.187744
0.439301
0.754881
0.346299
0.070708
0.135588
0.142410
0.226649
0.304222
0.657854
0.109064
0.811402
0.027219
0.806195
0.135336
0.265049
0.810187
0.160859
0.262525
0.837969
0.682971
0.835696
0.039205
0.846458
0.908101
0.075515
0.659062
0.725250
0.859473
0.296390
0.914619
0.037789
0.415918
0.510877
0.368439
0.236981
0.790848
0.569995
0.093936
0.946542
0.969908
0.909217
0.346185
0.462277
0.405082
0.895831
0.036173
0.337578
0.617010
0.827805
0.912219
0.509075
0.720563
0.446972
0.798696
0.234857
0.795919
0.600764
0.556895
0.931046
0.755305
0.913274
0.784313
0.057762
0.581157
0.710054
0.970632
0.182426
0.826511
0.172330
0.822312
0.254885
0.370981
0.613552
0.289503
0.588318
0.347459
0.139156
0.289854
0.531958
0.391328
0.287884
0.773948
0.588107
0.786582
0.893769
0.412155
0.637058
0.715376
0.552128
0.696026
0.259867
0.455955
0.507772
0.801069
0.418867
0.314781
0.920716
0.905568
0.612316
0.121717
0.247861
0.734780
0.654318
0.052230
0.912186
0.886468
0.078262
0.566568
0.911110
0.711758
0.445717
0.865944
0.571172
0.391508
0.954083
0.368133
0.993047
0.909554
0.497161
0.260132
0.173421
0.123126
0.323561
0.661069
0.226558
0.248985
0.897447
0.073026
0.787191
0.273877
0.494160
0.506173
0.088979
0.742142
0.273389
0.016460
0.223008
0.356299
0.514990
0.276941
0.414525
0.995131
0.854768
0.542569
0.260291
0.507696
0.251258
0.838088
0.997958
0.793251
0.923588
0.030343
0.808862
0.378311
0.017187
0.483113
0.642590
0.024946
0.521302
0.619897
0.564966
0.237119
0.659542
0.413123
0.659698
0.306112
0.165907
0.345838
0.128976
0.404231
0.854612
0.432353
0.018541
0.036763
0.202797
0.105643
0.938559
0.026827
0.998668
0.840949
0.758825
0.012239
0.484831
0.114538
0.777697
0.832817
0.055961
0.648525
0.419684
0.802753
0.370872
0.608578
0.278203
0.930971
0.577378
0.925354
0.958321
0.655713
0.066548
0.650619
0.497090
0.065379
0.517535
0.543058
0.777664
0.922324
0.003860
0.534369
0.619184
0.544611
0.893376
0.695723
0.913524
0.497583
0.616677
0.896028
0.794954
0.196630
0.130245
0.753382
0.482416
0.341320
0.399639
0.963073
0.119250
0.992200
0.425428
0.917535
0.625329
0.317464
0.153484
0.537602
0.611762
0.422905
0.173838
0.688340
0.134824
0.179196
0.244926
0.049834
0.061413
0.195064
0.861082
0.205858
0.377414
0.476128
0.007333
0.101419
0.532151
0.751282
0.153378
0.513130
0.421531
0.307419
0.312279
0.777908
0.991324
0.409908
0.376148
0.614041
0.550223
0.427699
0.158176
0.031719
0.450006
0.533435
0.255040
0.839053
0.167168
0.797875
0.180639
0.694546
0.223366
0.801468
0.349486
0.507443
0.389791
0.105234
0.108487
0.546998
0.989146
0.743871
0.818693
0.554281
0.167181
0.165977
0.469968
0.891298
0.117307
0.438866
0.716307
0.183345
0.883803
0.827356
0.370151
0.033017
0.117707
0.121899
0.439601
0.056612
0.905118
0.912745
0.426439
0.478777
0.436723
0.915573
0.483826
0.618713
0.961297
0.914783
0.079625
0.105074
0.499324
0.087094
0.252525
0.167358
0.591843
0.739000
0.487651
0.326234
0.420720
0.327415
0.270310
0.546721
0.233401
0.462217
0.100529
0.425805
0.276605
0.031574
0.854019
0.003704
0.536562
0.224249
0.154601
0.296476
0.412998
0.430471
0.596863
0.122749
0.775300
0.553606
0.184489
0.144660
0.789884
0.374204
0.501617
0.862642
0.984444
0.455805
0.383405
0.144044
0.596008
0.862634
0.654410
0.144612
0.450926
0.197950
0.387214
0.820029
0.954937
0.626864
0.320321
0.422832
0.233907
0.879481
0.771500
0.800341
0.671686
0.463993
0.515709
0.730633
0.523761
0.236568
0.866659
0.817644
0.291498
0.334281
0.228368
0.646574
0.119255
0.625709
0.430576
0.682772
0.332552
0.849983
0.986796
0.392483
0.238068
0.299778
0.960799
0.255984
0.028693
0.408316
0.203602
0.542597
0.079686
0.178701
0.635758
0.554378
0.690519
0.426907
0.758719
0.536301
0.248093
0.045101
0.668651
0.278648
0.036176
0.704989
0.152115
0.432327
0.791859
0.183316
0.654968
0.178062
0.468374
0.735860
0.730444
0.956939
0.723092
0.611056
0.960603
0.289006
0.822426
0.643244
0.135022
0.257411
0.793659
0.566215
0.956132
0.914424
0.367188
0.405187
0.770910
0.980888
0.140333
0.895593
0.710810
0.034729
0.767433
0.204138
0.338352
0.175150
0.357782
0.244841
0.796183
0.222936
0.877903
0.847920
0.489576
0.925786
0.894083
0.794975
0.822330
0.278008
0.931085
0.824504
0.765817
0.026465
0.542856
0.954421
0.700076
0.593964
0.717907
0.127531
0.723438
0.938749
0.397731
0.381039
0.469917
0.254971
0.810460
0.557542
0.995062
0.265754
0.021061
0.778206
0.369672
0.695438
0.589992
0.134286
0.841433
0.297942
0.784333
0.242144
0.760822
0.365822
0.490461
0.891578
0.982084
0.337148
0.904020
0.999146
0.175533
0.170808
0.445113
0.068896
0.428808
0.339085
0.571002
0.700706
0.599277
0.390146
0.234029
0.759833
0.321403
0.190301
0.573193
0.484793
0.113839
0.123764
0.643077
0.126203
0.100205
0.789090
0.499735
0.133999
0.406751
0.018861
0.888453
0.562053
0.171871
0.304653
0.941990
0.591770
0.165802
0.973252
0.417186
0.837495
0.125289
0.581777
0.126166
0.132966
0.873187
0.363109
0.081936
0.322981
0.424127
0.169950
0.265048
0.754368
0.486653
0.966819
0.267627
0.999718
0.488742
0.228517
0.610125
0.184651
0.905535
0.014987
0.790840
0.106113
0.759381
0.521071
0.799075
0.074319
0.688785
0.279026
0.839039
0.287956
0.637076
0.078599
0.550382
0.558052
0.897276
0.985679
0.979689
0.861814
0.293335
0.962077
0.993039
0.279435
0.574579
0.722634
0.745316
0.066376
0.236882
0.273333
0.096402
0.595692
0.900073
0.473936
0.710967
0.704154
0.844201
0.589373
0.120714
0.478613
0.178016
0.175418
0.650503
0.919839
0.476680
0.222711
0.711954
0.179191
0.957133
0.562778
0.012005
0.128723
0.275345
0.247189
0.558219
0.454474
0.345702
0.597280
0.064316
0.918450
0.198613
0.630548
0.560738
0.174022
0.732505
0.249409
0.381646
0.712870
0.581148
0.224689
0.013755
0.645575
0.778531
0.969305
0.646568
0.983879
0.004801
0.227730
0.514210
0.856317
0.735033
0.060860
0.095240
0.894984
0.892521
0.809296
0.194417
0.265127
0.424910
0.969947
0.823076
0.550215
0.103125
0.397502
0.170135
0.390824
0.855444
0.733809
0.106819
0.650779
0.038460
0.348563
0.372559
0.374182
0.749672
0.363886
0.689835
0.396962
0.581161
0.794070
0.371183
0.927106
0.385041
0.536268
0.035467
0.339596
0.049145
0.618911
0.978279
0.108457
0.871523
0.664539
0.448859
0.888389
0.210246
0.320458
0.131457
0.224627
0.271792
0.983168
0.297858
0.723170
0.102938
0.147335
0.989491
0.582676
0.436997
0.953019
0.481423
0.437589
0.124713
0.583773
0.214431
0.112550
0.031865
0.094807
0.764198
0.978245
0.820979
0.816809
0.790340
0.217912
0.573026
0.100007
0.905112
0.184320
0.877551
0.743170
0.959942
0.616377
0.079258
0.137691
0.040266
0.054060
0.359645
0.261086
0.235000
0.931112
0.933452
0.615236
0.103370
0.987522
0.332622
0.984843
0.049950
0.259376
0.879407
0.761703
0.396777
0.587687
0.761357
0.707654
0.058805
0.746264
0.267051
0.496132
0.504236
0.612158
0.066282
0.059190
0.854677
0.483256
0.661195
0.819080
0.043763
0.357513
0.382075
0.312289
0.545835
0.938471
0.967426
0.569409
0.829054
0.674550
0.032815
0.962793
0.422990
0.278618
0.112076
0.787603
0.049168
0.928916
0.485154
0.130971
0.402700
0.409561
0.595323
0.855660
0.447642
0.022057
0.245017
0.231010
0.842766
0.130183
0.304210
0.329303
0.918901
0.835782
0.540457
0.526841
0.358503
0.836030
0.253016
0.725377
0.444308
0.981733
0.937151
0.489808
0.263805
0.359842
0.565274
0.157643
0.087710
0.912314
0.529160
0.270764
0.475413
0.675399
0.890303
0.066405
0.423658
0.719592
0.178110
0.232952
0.504734
0.259006
0.643372
0.699218
0.167476
0.186803
0.151634
0.601153
0.617972
0.555009
0.399598
0.191186
0.275910
0.089537
0.107287
0.930363
0.633701
0.368709
0.319904
0.498555
0.552653
0.639201
0.600792
0.993660
0.877470
0.939235
0.413324
0.390483
0.323677
0.201091
0.938991
0.402431
0.906406
0.131633
0.272742
0.312878
0.217822
0.930921
0.450862
0.937993
0.881156
0.545523
0.923594
0.355354
0.688325
0.846709
0.677583
0.133137
0.223605
0.185354
0.976641
0.690980
0.316721
0.618997
0.314721
0.538908
0.222498
0.709514
0.553225
0.376688
0.680100
0.898745
0.793365
0.976529
0.481940
0.419580
0.035069
0.976742
0.053128
0.368239
0.407655
0.140893
0.981484
0.848969
0.021215
0.215417
0.645111
0.216527
0.169576
0.247749
0.411899
0.698520
0.608475
0.173106
0.626038
0.389959
0.006672
0.208334
0.327258
0.505663
0.389552
0.788123
0.969880
0.025461
0.074352
0.242194
0.539376
0.419449
0.715862
0.766494
0.691465
0.096738
0.641333
0.785981
0.538379
0.320069
0.698480
0.154057
0.700482
0.758603
0.925163
0.843846
0.417365
0.650250
0.024673
0.499926
0.011775
0.191627
0.104188
0.669168
0.335106
0.762004
0.614020
0.126730
0.236536
0.749387
0.332089
0.760758
0.433560
0.000046
0.946701
0.192473
0.985379
0.526528
0.501658
0.456877
0.402708
0.204380
0.637645
0.188133
0.373834
0.655822
0.855178
0.110988
0.926194
0.156654
0.852158
0.484027
0.608861
0.999329
0.440750
0.907320
0.470990
0.506613
0.187329
0.437419
0.654406
0.859503
0.073680
0.611896
0.822774
0.588440
0.032635
0.770918
0.095117
0.108517
0.110204
0.359500
0.857288
0.067154
0.360427
0.816638
0.157400
0.240239
0.857172
0.924244
0.749850
0.659502
0.833783
0.208114
0.163359
0.170328
0.917452
0.392468
0.587101
0.539539
0.642322
0.630093
0.151757
0.552341
0.013356
0.935254
0.777132
0.036075
0.863796
0.733015
0.338847
0.112667
0.096826
0.665007
0.471485
0.529088
0.684868
0.057138
0.503479
0.818836
0.153608
0.323355
0.188106
0.591823
0.040651
0.513310
0.130629
0.405323
0.737061
0.149271
0.460039
0.635742
0.919481
0.547022
0.607392
0.759433
0.698130
0.383660
0.113619
0.680710
0.633584
0.333357
0.665567
0.086657
0.069018
0.407226
0.391601
0.311902
0.399569
0.342736
0.109530
0.508665
0.534066
0.482666
0.688973
0.616903
0.307731
0.857156
0.405937
0.463345
0.247134
0.936851
0.920291
0.779042
0.605440
0.061804
0.493973
0.936607
0.400045
0.825348
0.463989
0.954968
0.594521
0.912288
0.795259
0.317192
0.323421
0.550128
0.491449
0.371548
0.515877
0.251099
0.715240
0.030127
0.120170
0.049245
0.429222
0.276488
0.956495
0.357572
0.275920
0.904637
0.361614
0.279594
0.460431
0.526083
0.192567
0.251770
0.056365
0.057057
0.860027
0.799868
0.434463
0.213776
0.147042
0.845402
0.123068
0.716720
0.168498
0.831237
0.905080
0.499367
0.026910
0.585338
0.176854
0.562992
0.066950
0.784591
0.232145
0.948582
0.092211
0.646385
0.337564
0.803520
0.652387
0.171040
0.250524
0.495996
0.053169
0.474825
0.264898
0.437598
0.670985
0.234390
0.007192
0.257490
0.625723
0.342651
0.718634
0.548313
0.756058
0.946907
0.246850
0.940141
0.957645
0.454899
0.715890
0.521603
0.104643
0.860786
0.784110
0.487423
0.417972
0.443666
0.387608
0.539531
0.877197
0.964700
0.526918
0.640759
0.008536
0.890542
0.607092
0.971913
0.416539
0.957061
0.255728
0.704196
0.177228
0.260962
0.016643
0.153865
0.269842
0.885094
0.522492
0.484497
0.685856
0.548926
0.397525
0.416875
0.073985
0.407045
0.538317
0.153364
0.300921
0.596609
0.203666
0.869280
0.515394
0.445464
0.239115
0.791447
0.880155
0.988196
0.000328
0.731547
0.622971
0.297156
0.836303
0.491975
0.605846
0.272238
0.767325
0.008412
0.096102
0.001249
0.089769
0.413401
0.006562
0.002271
0.444257
0.735829
0.381353
0.442698
0.483041
0.221084
0.284385
0.824579
0.135499
0.301862
0.251567
0.576758
0.195166
0.928328
0.878653
0.294027
0.802907
0.411341
0.653225
0.278361
0.675242
0.106455
0.066886
0.254197
0.407874
0.920101
0.319960
0.039589
0.156784
0.021857
0.043828
0.277548
0.952727
0.057200
0.046320
0.053968
0.589520
0.784996
0.031826
0.798083
0.632101
0.758742
0.010539
0.973305
0.391093
0.158036
0.450206
0.284386
0.253862
0.232629
0.390810
0.077285
0.111648
0.945377
0.782868
0.776993
0.322803
0.483715
0.248073
0.310366
0.026911
0.515961
0.149863
0.182685
0.561437
0.542800
0.496437
0.408499
0.645519
0.977357
0.551569
0.032613
0.583047
0.488416
0.588311
0.499322
0.725693
0.114619
0.019270
0.655554
0.531008
0.619113
0.088525
0.831201
0.205088
0.663642
0.313534
0.663035
0.074639
0.784964
0.356505
0.725680
0.486047
0.101363
0.678824
0.300653
0.489979
0.907993
0.269187
0.997482
0.742008
0.133681
0.617772
0.998691
0.047452
0.530132
0.614125
0.835763
0.009055
0.038725
0.117530
0.447439
0.158260
0.087582
0.516928
0.351415
0.407567
0.658301
0.295994
0.999306
0.046682
0.616461
0.332321
0.554689
0.644222
0.851218
0.405972
0.435393
0.144437
0.277715
0.893729
0.159038
0.023161
0.308482
0.345225
0.563866
0.641381
0.980988
0.952928
0.513506
0.216203
0.821059
0.198071
0.416787
0.388433
0.500639
0.417869
0.706426
0.505875
0.774598
0.981043
0.995890
0.591830
0.333519
0.705638
0.719441
0.915660
0.175132
0.580878
0.516640
0.744901
0.761815
0.769833
0.041334
0.221283
0.222021
0.557006
0.977965
0.496153
0.194436
0.760638
0.466555
0.738011
0.729530
0.721243
0.363737
0.320247
0.653846
0.921313
0.049589
0.437024
0.031427
0.606342
0.093028
0.381620
0.088208
0.302467
0.927380
0.689817
0.365777
0.194158
0.230619
0.507692
0.379851
0.489080
0.217969
0.958954
0.549498
0.858336
0.256535
0.171291
0.626459
0.222567
0.427061
0.990245
0.017065
0.849275
0.347402
0.344814
0.058067
0.927345
0.224846
0.685766
0.624465
0.186713
0.465596
0.643959
0.072289
0.267573
0.919495
0.950490
0.383196
0.100590
0.679685
0.935120
0.380133
0.800279
0.180859
0.123512
0.296945
0.198327
0.356787
0.779207
0.667730
0.111972
0.289616
0.873077
0.346694
0.011114
0.536256
0.598203
0.059384
0.182406
0.617112
0.212842
0.360060
0.186240
0.728361
0.296833
0.548972
0.550131
0.430439
0.695806
0.800486
0.090925
0.997107
0.563083
0.674039
0.512680
0.645991
0.414396
0.302192
0.817136
0.746729
0.503820
0.980743
0.989580
0.390700
0.267961
0.627005
0.134745
0.430003
0.541944
0.880353
0.471188
0.128049
0.044763
0.654637
0.163225
0.243062
0.962002
0.479059
0.299308
0.793186
0.753352
0.549997
0.957939
0.883077
0.638343
0.906489
0.372476
0.386032
0.944768
0.759320
0.404245
0.756021
0.034512
0.479005
0.582505
0.528086
0.020004
0.913167
0.552908
0.215998
0.012530
0.843510
0.492657
0.962983
0.657919
0.662418
0.039178
0.459442
0.125207
0.371579
0.874126
0.426945
0.812603
0.453352
0.484919
0.445374
0.270718
0.611914
0.430719
0.757314
0.444165
0.308248
0.485697
0.258634
0.681735
0.614042
0.192373
0.081902
0.924891
0.819217
0.345214
0.254894
0.269997
0.094779
0.980782
0.690663
0.892525
0.578858
0.387535
0.710568
0.374857
0.772834
0.773410
0.333731
0.468271
0.427757
0.826897
0.416724
0.945431
0.753938
0.114524
0.675652
0.724787
0.257183
0.690775
0.284868
0.597957
0.357031
0.769092
0.500605
0.593476
0.331155
0.842870
0.820195
0.417480
0.184180
0.837121
0.397180
0.067629
0.660932
0.700361
0.826402
0.583820
0.343349
0.214677
0.127348
0.772072
0.428428
0.182996
0.268796
0.949826
0.824601
0.256378
0.326278
0.901914
0.618403
0.608877
0.686242
0.357789
0.967403
0.065098
0.010666
0.822856
0.277335
0.090258
0.382518
0.503596
0.458979
0.461747
0.096644
0.394902
0.752442
0.369277
0.411407
0.181507
0.975668
0.928135
0.236509
0.215584
0.161520
0.236657
0.261322
0.036804
0.063954
0.408187
0.687107
0.349810
0.143180
0.124144
0.560573
0.264640
0.915903
0.211242
0.238306
0.912644
0.962256
0.222588
0.089233
0.365412
0.423265
0.943320
0.175628
0.677223
0.203970
0.961796
0.521713
0.797554
0.275924
0.802046
0.374020
0.202534
0.473090
0.821746
0.102705
0.313424
0.604363
0.226685
0.063323
0.591025
0.241815
0.938321
0.298996
0.974185
0.740203
0.932854
0.845008
0.319540
0.246871
0.130241
0.091244
0.168169
0.913635
0.880470
0.521034
0.713885
0.944375
0.385473
0.700352
0.184367
0.517308
0.904688
0.532828
0.501804
0.386425
0.756442
0.636026
0.491002
0.840320
0.365887
0.174333
0.914473
0.795899
0.759885
0.001572
0.769676
0.676539
0.329906
0.515639
0.025927
0.432597
0.149657
0.180972
0.993056
0.374194
0.562367
0.487485
0.420622
0.062186
0.080742
0.513703
0.154350
0.515411
0.800636
0.183660
0.580555
0.847383
0.207933
0.260703
0.644037
0.815317
0.760675
0.136215
0.299795
0.925985
0.691869
0.127329
0.788166
0.495447
0.235723
0.985868
0.784618
0.870293
0.858121
0.143674
0.653096
0.255341
0.768122
0.942920
0.143740
0.026509
0.319213
0.955819
0.427495
0.193904
0.287562
0.942935
0.669053
0.775332
0.385411
0.081575
0.555751
0.674692
0.468620
0.181580
0.147256
0.561011
0.209268
0.438123
0.931323
0.276439
0.402551
0.734743
0.343032
0.643637
0.014252
0.859718
0.993665
0.653822
0.163526
0.367402
0.635821
0.663770
0.426761
0.944852
0.785877
0.409075
0.762970
0.158501
0.297179
0.054402
0.543986
0.900142
0.181514
0.663168
0.271008
0.573934
0.562151
0.596872
0.324382
0.018474
0.125573
0.627901
0.260325
0.164868
0.203209
0.443696
0.706634
0.235985
0.526198
0.267305
0.041465
0.563664
0.562537
0.783674
0.836078
0.774658
0.012928
0.524504
0.161230
0.520610
0.477809
0.827806
0.716955
0.232901
0.353413
0.549246
0.387711
0.708609
0.154387
0.513187
0.903024
0.882925
0.204498
0.722472
0.508639
0.164822
0.944752
0.495904
0.162281
0.734059
0.117670
0.770188
0.058605
0.117748
0.367150
0.174501
0.973479
0.195511
0.614589
0.439835
0.173313
0.478725
0.912422
0.861868
0.236535
0.444127
0.848368
0.562951
0.803140
0.242664
0.439323
0.439959
0.108435
0.206184
0.639617
0.870272
0.307328
0.801062
0.777360
0.871725
0.793176
0.389317
0.581380
0.598994
0.764571
0.440892
0.101029
0.252291
0.974412
0.251225
0.597306
0.065713
0.823698
0.863270
0.857042
0.463276
0.917398
0.713645
0.176320
0.571349
0.049936
0.232040
0.274706
0.891952
0.067346
0.743964
0.527544
0.539828
0.601768
0.783795
0.851472
0.479840
0.333887
0.576765
0.511294
0.072906
0.687484
0.914941
0.853274
0.282143
0.442567
0.316435
0.898726
0.580113
0.152741
0.713210
0.556960
0.833862
0.264390
0.386968
0.121416
0.615232
0.082380
0.618383
0.702708
0.460787
0.917397
0.767225
0.704508
0.037416
0.285669
0.161294
0.173294
0.886464
0.621872
0.700510
0.681200
0.748978
0.390879
0.315271
0.314046
0.657098
0.644549
0.592149
0.388990
0.621000
0.880996
0.494883
0.942242
0.250180
0.116147
0.413825
0.462823
0.252377
0.119735
0.649477
0.360744
0.218692
0.328812
0.959968
0.123099
0.456460
0.573549
0.168796
0.645141
0.391857
0.863087
0.421401
0.666682
0.427719
0.781159
0.389646
0.987398
0.111113
0.796144
0.554838
0.604587
0.360285
0.340125
0.499707
0.473100
0.980105
0.000961
0.545679
0.569638
0.549934
0.768542
0.786753
0.876619
0.962572
0.430884
0.404072
0.729801
0.239535
0.482480
0.326255
0.197559
0.036427
0.528998
0.868559
0.256845
0.102378
0.354448
0.273600
0.146460
0.289363
0.573389
0.833367
0.787471
0.170904
0.477182
0.090013
0.325496
0.410448
0.716507
0.310011
0.911047
0.424566
0.640360
0.128755
0.636527
0.346657
0.819973
0.702746
0.983453
0.743082
0.555087
0.771775
0.647927
0.509709
0.004767
0.241144
0.547628
0.182793
0.087083
0.135419
0.654813
0.043434
0.992441
0.243315
0.295980
0.087277
0.488849
0.559184
0.023481
0.963156
0.295309
0.595591
0.024139
0.679277
0.489798
0.599723
0.342910
0.488836
0.212736
0.881283
0.940988
0.020169
0.146923
0.126622
0.240277
0.963290
0.668015
0.388412
0.454549
0.795113
0.287977
0.122935
0.217908
0.924638
0.220713
0.103318
0.747348
0.202352
0.023098
0.621004
0.132083
0.703264
0.345771
0.689468
0.374569
0.530284
0.535889
0.792470
0.501250
0.701954
0.701107
0.317278
0.752592
0.202471
0.440833
0.415346
0.456408
0.330538
0.850780
0.826863
0.490060
0.689781
0.890970
0.593414
0.540359
0.813939
0.348066
0.732895
0.027498
0.907891
0.306589
0.355711
0.451883
0.969225
0.803313
0.995761
0.257515
0.424825
0.791433
0.481658
0.317301
0.618963
0.002178
0.059334
0.332759
0.011609
0.038494
0.544910
0.203650
0.164389
0.980347
0.846224
0.755245
0.374755
0.999200
0.813793
0.755882
0.137149
0.529976
0.821812
0.575078
0.705301
0.770187
0.375478
0.813436
0.071588
0.212036
0.353849
0.106057
0.978112
0.059038
0.225595
0.053354
0.511109
0.740669
0.674436
0.225624
0.240129
0.814415
0.649398
0.922861
0.775552
0.830207
0.820971
0.919350
0.875399
0.769335
0.461621
0.975510
0.527063
0.167686
0.039091
0.139746
0.663680
0.664164
0.430937
0.005950
0.534607
0.891773
0.363793
0.907020
0.907723
0.479735
0.175719
0.242333
0.373834
0.360459
0.768694
0.099227
0.674261
0.687549
0.722025
0.875567
0.656810
0.069668
0.183764
0.237041
0.520624
0.829216
0.900414
0.923808
0.537491
0.738967
0.368230
0.166438
0.885911
0.315269
0.884718
0.907207
0.322738
0.801284
0.802861
0.523071
0.899341
0.182160
0.254229
0.221534
0.324358
0.594948
0.536580
0.290964
0.385921
0.532056
0.807466
0.158308
0.311912
0.403939
0.258450
0.006555
0.747464
0.279964
0.475132
0.118143
0.005104
0.981590
0.352605
0.003389
0.786958
0.773210
0.444908
0.797544
0.039581
0.435183
0.139101
0.023329
0.968086
0.769272
0.953589
0.599547
0.302090
0.793313
0.708510
0.594963
0.283903
0.694319
0.407994
0.428869
0.869173
0.569138
0.538690
0.587732
0.981319
0.408917
0.964856
0.163529
0.250049
0.907170
0.782171
0.439749
0.749157
0.898186
0.876098
0.652358
0.670331
0.370295
0.453219
0.328840
0.846419
0.856542
0.218886
0.609345
0.058990
0.592088
0.920697
0.509586
0.655750
0.874701
0.729226
0.359117
0.030538
0.349886
0.181219
0.030573
0.521531
0.054620
0.447533
0.726543
0.381737
0.037956
0.859522
0.737891
0.545178
0.524925
0.184975
0.169975
0.892966
0.054028
0.624978
0.888662
0.701727
0.578222
0.229282
0.240924
0.680964
0.425478
0.793442
0.853552
0.414462
0.385612
0.937734
0.739245
0.950083
0.632767
0.918257
0.422583
0.658757
0.672547
0.302287
0.955935
0.663608
0.092843
0.936849
0.350408
0.324735
0.415424
0.041826
0.577228
0.413610
0.532110
0.459449
0.534016
0.037279
0.187408
0.893897
0.309625
0.826233
0.539101
0.339448
0.970949
0.226935
0.351239
0.485808
0.406326
0.596755
0.635257
0.825469
0.686968
0.507530
0.410023
0.327915
0.635862
0.926735
0.658068
0.412000
0.416275
0.319581
0.858038
0.415220
0.257363
0.235255
0.037047
0.989739
0.277593
0.316136
0.665111
0.078309
0.691876
0.382025
0.960088
0.407618
0.363610
0.607297
0.254615
0.335642
0.779323
0.760915
0.267900
0.619254
0.236359
0.619719
0.540161
0.337736
0.321591
0.759861
0.758115
0.513528
0.999327
0.149945
0.039822
0.376555
0.108785
0.495721
0.481389
0.627200
0.415654
0.827607
0.161373
0.226160
0.313713
0.288882
0.057256
0.116804
0.691176
0.666627
0.213630
0.518813
0.636901
0.603273
0.300364
0.309199
0.926696
0.010513
0.649263
0.473388
0.966017
0.714005
0.203625
0.875917
0.890419
0.676962
0.956582
0.397729
0.071228
0.305050
0.179192
0.995564
0.557293
0.623542
0.338714
0.471531
0.115916
0.041082
0.175905
0.083041
0.575419
0.210576
0.305082
0.805198
0.086588
0.540237
0.707401
0.025688
0.987668
0.071069
0.724188
0.022857
0.874760
0.053792
0.935956
0.790588
0.218722
0.184583
0.900933
0.256887
0.190721
0.597128
0.764542
0.956007
0.699971
0.091572
0.469797
0.424020
0.132354
0.084417
0.700733
0.437590
0.654219
0.651631
0.573137
0.105445
0.472222
0.696368
0.604117
0.309731
0.984485
0.884120
0.285983
0.328742
0.780582
0.521365
0.440685
0.016944
0.030345
0.925603
0.610673
0.594869
0.501392
0.518243
0.899837
0.709014
0.753070
0.071046
0.319259
0.903061
0.790625
0.724443
0.710828
0.416400
0.058022
0.368336
0.868410
0.687230
0.524094
0.756905
0.460517
0.643284
0.697026
0.650608
0.960185
0.454986
0.055267
0.581113
0.784556
0.565452
0.812044
0.778851
0.841756
0.951597
0.165695
0.655934
0.845162
0.842591
0.973874
0.016066
0.852053
0.040653
0.700723
0.032276
0.702200
0.209545
0.122357
0.653515
0.654059
0.197065
0.735213
0.328606
0.716589
0.379525
0.942817
0.742835
0.412899
0.664965
0.474918
0.934494
0.596336
0.170661
0.127263
0.778363
0.558310
0.842706
0.156389
0.248461
0.945776
0.463201
0.230260
0.432210
0.694705
0.663360
0.414351
0.575444
0.148394
0.840059
0.667446
0.601448
0.217266
0.259675
0.149910
0.089844
0.734093
0.093504
0.715287
0.629593
0.800753
0.177121
0.880820
0.274484
0.834145
0.865705
0.960367
0.149059
0.486340
0.429778
0.864744
0.078000
0.974507
0.523382
0.948192
0.150951
0.039789
0.119126
0.786382
0.194639
0.604836
0.763939
0.146150
0.823740
0.726802
0.066748
0.413600
0.050207
0.698435
0.582066
0.744076
0.409871
0.687070
0.036058
0.779872
0.792835
0.354975
0.485116
0.089296
0.663971
0.889970
0.857966
0.544894
0.414982
0.525538
0.117179
0.360383
0.823421
0.697130
0.107351
0.217767
0.169483
0.376857
0.754097
0.790189
0.372520
0.666247
0.594469
0.171756
0.114605
0.435252
0.077512
0.349632
0.566078
0.877981
0.485093
0.036273
0.954494
0.582540
0.027220
0.417181
0.906646
0.186213
0.323780
0.847825
0.914502
0.414893
0.464682
0.520757
0.517662
0.499562
0.405892
0.824128
0.135480
0.403713
0.728516
0.050860
0.911972
0.061467
0.613747
0.385206
0.064108
0.791173
0.972133
0.388712
0.790441
0.942196
0.828227
0.944347
0.249901
0.189473
0.281969
0.825178
0.796439
0.753470
0.972651
0.903370
0.160739
0.483589
0.229444
0.191060
0.543029
0.346397
0.502460
0.099377
0.413544
0.680193
0.821157
0.650607
0.267742
0.736677
0.421655
0.950323
0.409331
0.168084
0.580521
0.294718
0.052760
0.338716
0.483611
0.215470
0.475224
0.463977
0.479632
0.021584
0.173647
0.965456
0.949036
0.682412
0.604270
0.477680
0.745080
0.067156
0.366077
0.006972
0.899109
0.103676
0.859885
0.273775
0.925356
0.449011
0.540271
0.394539
0.775781
0.721046
0.008538
0.289995
0.304454
0.961308
0.311283
0.599767
0.489468
0.179017
0.554028
0.572577
0.255747
0.199331
0.230240
0.506031
0.269069
0.258277
0.962422
0.682223
0.068160
0.176605
0.211679
0.809679
0.872708
0.648529
0.921576
0.713298
0.796171
0.085457
0.390865
0.705450
0.834659
0.437443
0.938974
0.639591
0.746419
0.915436
0.126223
0.877835
0.624630
0.091783
0.192810
0.973318
0.482628
0.576481
0.321577
0.276330
0.495876
0.066601
0.110017
0.935292
0.313587
0.771420
0.416994
0.258471
0.766505
0.923021
0.028810
0.553556
0.741811
0.085569
0.083098
0.474725
0.767132
0.869971
0.532646
0.682741
0.690365
0.967777
0.149118
0.366719
0.761253
0.189599
0.762839
0.726836
0.527806
0.064214
0.429283
0.623268
0.139653
0.078488
0.252212
0.552225
0.057237
0.653146
0.802236
0.138268
0.089992
0.767730
0.558569
0.901577
0.414631
0.336649
0.224605
0.705180
0.107978
0.382409
0.659269
0.060171
0.427328
0.627692
0.084887
0.067530
0.197696
0.478523
0.248565
0.352974
0.109806
0.381214
0.420825
0.804496
0.107268
0.659427
0.133980
0.628199
0.961583
0.990891
0.490085
0.941720
0.444801
0.956770
0.205162
0.467316
0.476793
0.410808
0.814295
0.990846
0.318837
0.834151
0.106202
0.736786
0.850559
0.061048
0.911854
0.483750
0.155065
0.218498
0.450287
0.635392
0.618810
0.278625
0.484863
0.687432
0.355394
0.877475
0.596406
0.819410
0.837355
0.086278
0.609473
0.871356
0.584062
0.120365
0.502490
0.330136
0.191603
0.656316
0.608392
0.516712
0.814200
0.310767
0.963929
0.311564
0.199641
0.775496
0.016879
0.942678
0.664917
0.670717
0.699464
0.158404
0.499432
0.201521
0.673202
0.884802
0.841191
0.532236
0.644748
0.136116
0.590435
0.277793
0.211809
0.398337
0.311678
0.035970
0.634045
0.091861
0.198111
0.309337
0.740305
0.102353
0.048870
0.720921
0.506015
0.862774
0.044574
0.356357
0.803893
0.619519
0.545942
0.735137
0.852336
0.878899
0.780829
0.902923
0.382224
0.188041
0.936652
0.982490
0.039679
0.068936
0.700048
0.754733
0.471587
0.451885
0.348144
0.322585
0.887382
0.986532
0.069166
0.852552
0.680162
0.567690
0.100137
0.668392
0.007066
0.099440
0.823767
0.745020
0.571719
0.748066
0.783229
0.412453
0.578964
0.382123
0.149881
0.893327
0.678929
0.649557
0.593833
0.607676
0.587760
0.795223
0.469184
0.777955
0.392201
0.666681
0.869199
0.171307
0.453828
0.845000
0.853684
0.261204
0.015127
0.944636
0.615633
0.380737
0.632665
0.104704
0.096501
0.925260
0.070828
0.476035
0.538300
0.232290
0.784635
0.399545
0.212279
0.014561
0.975275
0.163658
0.468910
0.908807
0.210896
0.155784
0.606983
0.267944
0.487916
0.658187
0.741827
0.229029
0.087007
0.498706
0.584064
0.200010
0.954806
0.802539
0.864145
0.375257
0.004953
0.057224
0.585383
0.839918
0.133927
0.882391
0.173136
0.272522
0.001844
0.269721
0.640581
0.647304
0.096354
0.870628
0.508477
0.553371
0.610970
0.802625
0.811395
0.448237
0.389442
0.347435
0.036520
0.518506
0.502892
0.612492
0.793627
0.232479
0.999078
0.378042
0.056624
0.386808
0.204421
0.149547
0.061438
0.580888
0.611054
0.695823
0.270919
0.835724
0.340098
0.864469
0.269018
0.213411
0.496355
0.816495
0.416024
0.213978
0.998632
0.391116
0.611493
0.847639
0.563718
0.809074
0.791020
0.286914
0.812701
0.662299
0.229212
0.712268
0.999628
0.384267
0.643654
0.430292
0.041121
0.548284
0.641597
0.390831
0.515482
0.310072
0.468291
0.979501
0.725295
0.686330
0.299919
0.016458
0.775480
0.832447
0.723574
0.571495
0.760496
0.312716
0.426404
0.626979
0.881949
0.472695
0.071125
0.842757
0.519357
0.188171
0.589089
0.418175
0.188215
0.727426
0.230537
0.103472
0.347274
0.796086
0.389953
0.098597
0.185158
0.486196
0.823862
0.047751
0.795841
0.295413
0.135364
0.234408
0.565309
0.325119
0.485411
0.457245
0.419121
0.501035
0.529898
0.785254
0.407213
0.321184
0.177276
0.007315
0.653110
0.496592
0.118607
0.916029
0.559853
0.079138
0.095760
0.771023
0.152030
0.572589
0.610233
0.084015
0.708543
0.521909
0.614833
0.007254
0.320732
0.044754
0.434821
0.785761
0.063704
0.168480
0.159235
0.494659
0.857659
0.706682
0.254147
0.682580
0.697751
0.243500
0.026441
0.893438
0.950697
0.489837
0.776910
0.483230
0.504205
0.650742
0.217857
0.382704
0.754061
0.172243
0.020448
0.169011
0.983106
0.892380
0.093620
0.498284
0.765802
0.518935
0.559112
0.489316
0.614034
0.662758
0.492440
0.220719
0.108954
0.993402
0.944160
0.135453
0.134434
0.942847
0.985917
0.705625
0.860568
0.175978
0.746646
0.516514
0.640530
0.859290
0.725693
0.989865
0.040875
0.969168
0.751959
0.521139
0.024255
0.855926
0.988118
0.644356
0.570807
0.071633
0.033232
0.794867
0.539574
0.073124
0.152023
0.912839
0.022118
0.340247
0.713047
0.435849
0.801307
0.652217
0.487954
0.242818
0.740140
0.104965
0.509152
0.895753
0.351538
0.401404
0.609063
0.513544
0.967904
0.418802
0.214636
0.867562
0.569944
0.014592
0.164651
0.238342
0.505825
0.062585
0.166290
0.825988
0.827890
0.396457
0.638233
0.684232
0.713555
0.457691
0.065428
0.458404
0.235427
0.051298
0.396407
0.543287
0.971666
0.848961
0.754629
0.390709
0.170278
0.868388
0.575643
0.286576
0.106658
0.446555
0.229771
0.561692
0.253253
0.786739
0.420015
0.194039
0.516938
0.077693
0.598836
0.513213
0.168525
0.066652
0.893885
0.663376
0.323383
0.850842
0.526793
0.750483
0.418515
0.685225
0.484083
0.745633
0.636715
0.812886
0.107339
0.062397
0.050428
0.346436
0.569877
0.261771
0.025570
0.309804
0.711514
0.472661
0.873410
0.523826
0.679182
0.721560
0.006862
0.802214
0.600534
0.560598
0.040203
0.277930
0.963603
0.360489
0.905890
0.769667
0.447925
0.443468
0.935872
0.643093
0.620185
0.278295
0.882999
0.361710
0.820572
0.657681
0.805665
0.093981
0.518734
0.243150
0.612370
0.151379
0.570526
0.760514
0.008092
0.107249
0.798186
0.310246
0.313684
0.979681
0.185195
0.468450
0.278012
0.385358
0.168425
0.367730
0.759273
0.199078
0.762955
0.562847
0.963037
0.366428
0.887862
0.559425
0.998610
0.176983
0.458144
0.411101
0.727685
0.311974
0.735465
0.216227
0.896775
0.925524
0.236074
0.172097
0.684115
0.719503
0.522923
0.856068
0.765261
0.644459
0.386693
0.880119
0.307301
0.722508
0.587067
0.638126
0.994950
0.448454
0.552730
0.311328
0.853531
0.747461
0.573396
0.903937
0.711262
0.842149
0.895484
0.189517
0.853569
0.285779
0.111814
0.350222
0.954670
0.230926
0.896918
0.146307
0.618995
0.989400
0.782614
0.642355
0.128873
0.131851
0.131770
0.014791
0.413910
0.062781
0.026814
0.031513
0.913005
0.469432
0.637260
0.716841
0.850137
0.236359
0.108931
0.460953
0.672833
0.104583
0.821900
0.826194
0.588660
0.063053
0.160699
0.471764
0.832059
0.898342
0.456780
0.973502
0.895474
0.135424
0.934358
0.233055
0.528105
0.516377
0.408437
0.275225
0.699829
0.177932
0.671919
0.202755
0.856084
0.136108
0.247054
0.727526
0.036813
0.977230
0.729733
0.014727
0.009138
0.036157
0.317024
0.743223
0.959062
0.498136
0.632492
0.983947
0.345234
0.663976
0.990493
0.266513
0.365406
0.886732
0.537177
0.705965
0.175779
0.348519
0.999334
0.744844
0.400216
0.459495
0.052000
0.747685
0.663351
0.351827
0.382257
0.750355
0.192319
0.084563
0.763193
0.761457
0.223631
0.695176
0.876173
0.471718
0.864009
0.953172
0.533717
0.321808
0.479140
0.230606
0.200262
0.587174
0.751272
0.152002
0.592599
0.278247
0.408393
0.677592
0.360928
0.318623
0.912545
0.089354
0.082635
0.103843
0.662110
0.649918
0.223569
0.510954
0.032927
0.798587
0.568958
0.684878
0.758330
0.271552
0.475060
0.504994
0.397175
0.963095
0.158503
0.339429
0.201049
0.338531
0.015716
0.282277
0.456764
0.853937
0.155741
0.793597
0.422425
0.779199
0.435916
0.734030
0.002031
0.545360
0.894097
0.195794
0.980391
0.574397
0.453478
0.254959
0.574834
0.767295
0.206512
0.940001
0.311135
0.932754
0.241199
0.783752
0.059738
0.120864
0.885537
0.358988
0.422375
0.370688
0.978286
0.311315
0.930189
0.386955
0.466085
0.152397
0.733585
0.879430
0.864929
0.667224
0.428394
0.245172
0.262954
0.160067
0.094555
0.482798
0.283943
0.379675
0.967380
0.155632
0.562637
0.791950
0.733218
0.158897
0.579905
0.125020
0.585601
0.528894
0.438065
0.701459
0.730810
0.426037
0.105971
0.842405
0.155417
0.992368
0.496035
0.478464
0.084019
0.177288
0.526151
0.478879
0.369955
0.600294
0.426793
0.822016
0.981260
0.850086
0.668314
0.785914
0.870137
0.258912
0.833768
0.961739
0.269819
0.628834
0.210065
0.526381
0.397078
0.465043
0.808319
0.954334
0.758326
0.473554
0.616247
0.645897
0.990252
0.380597
0.587149
0.540317
0.275408
0.344998
0.746542
0.591468
0.403019
0.797431
0.034888
0.986229
0.145381
0.409804
0.645154
0.064424
0.592446
0.789739
0.114717
0.827129
0.516082
0.542433
0.244251
0.212605
0.308664
0.857891
0.934884
0.667680
0.292387
0.794114
0.187590
0.585358
0.256748
0.933951
0.102374
0.818777
0.376153
0.268786
0.577729
0.445004
0.794358
0.681275
0.089459
0.625429
0.175069
0.848302
0.435002
0.738514
0.305090
0.818534
0.992159
0.133754
0.805402
0.212210
0.232123
0.221637
0.492770
0.665680
0.721540
0.488943
0.887339
0.427208
0.266555
0.415233
0.541847
0.860622
0.388671
0.293544
0.430184
0.876069
0.948972
0.478698
0.692718
0.361344
0.024903
0.629156
0.456268
0.988677
0.583079
0.359312
0.298313
0.370371
0.303974
0.272170
0.377341
0.651370
0.419389
0.722430
0.853128
0.340228
0.671395
0.582498
0.830189
0.172287
0.564823
0.237735
0.606390
0.848910
0.423832
0.833750
0.813829
0.493210
0.529865
0.011808
0.852661
0.484274
0.811047
0.621962
0.921994
0.843228
0.304131
0.932970
0.410712
0.959603
0.508469
0.838227
0.567496
0.906775
0.704383
0.866951
0.359366
0.303875
0.271867
0.710428
0.968300
0.960569
0.970691
0.321834
0.209132
0.651145
0.664218
0.871699
0.550018
0.208001
0.126704
0.442648
0.935207
0.193913
0.216273
0.499604
0.674250
0.928532
0.630619
0.167562
0.556444
0.359592
0.705140
0.168334
0.561927
0.965563
0.451190
0.722704
0.418855
0.219266
0.285953
0.689253
0.261550
0.998771
0.802555
0.470564
0.412861
0.998983
0.170556
0.336427
0.921126
0.354724
0.737886
0.169165
0.062816
0.166396
0.808045
0.887635
0.242112
0.711324
0.342122
0.331436
0.108023
0.936288
0.976982
0.497478
0.058261
0.978846
0.136196
0.234364
0.428980
0.105410
0.444191
0.106828
0.880828
0.522265
0.138885
0.701652
0.765422
0.345664
0.230997
0.112152
0.763910
0.074149
0.841037
0.366882
0.188410
0.228878
0.160770
0.227389
0.212926
0.482079
0.994071
0.447806
0.604980
0.504736
0.620270
0.708875
0.837003
0.969871
0.987367
0.136176
0.078892
0.477107
0.303324
0.370947
0.682468
0.794371
0.753778
0.313699
0.075980
0.154799
0.057074
0.580804
0.596620
0.802554
0.573596
0.005503
0.456368
0.878572
0.489512
0.588817
0.974882
0.896657
0.167922
0.998168
0.727601
0.295560
0.986086
0.421148
0.764948
0.752912
0.019854
0.049945
0.645304
0.854773
0.730675
0.279931
0.671137
0.001016
0.141610
0.265930
0.035788
0.085728
0.368759
0.995880
0.368964
0.740079
0.962145
0.273229
0.180913
0.518746
0.920187
0.245050
0.633444
0.725741
0.097798
0.141160
0.053751
0.841265
0.589958
0.309942
0.690061
0.354822
0.571608
0.465357
0.512646
0.003099
0.096282
0.463234
0.409257
0.284631
0.828410
0.360039
0.409205
0.811510
0.859289
0.404664
0.298786
0.144509
0.091598
0.694207
0.630453
0.758927
0.949513
0.764157
0.979186
0.550393
0.885865
0.572390
0.596092
0.689740
0.630637
0.339586
0.032651
0.828324
0.050696
0.366365
0.502009
0.764062
0.125096
0.322462
0.394403
0.901391
0.471653
0.554402
0.336202
0.923420
0.778912
0.271969
0.791340
0.068661
0.364154
0.754704
0.355531
0.519059
0.851637
0.179282
0.177474
0.555307
0.832748
0.393531
0.273724
0.029415
0.223452
0.030733
0.463756
0.604026
0.690022
0.727369
0.451275
0.743898
0.371395
0.321373
0.094693
0.214676
0.239781
0.149278
0.133529
0.839315
0.172812
0.433282
0.498415
0.501477
0.008429
0.961061
0.989330
0.614350
0.770602
0.858217
0.002729
0.090408
0.431072
0.763152
0.649704
0.885244
0.313887
0.291827
0.243095
0.866215
0.584343
0.383813
0.354732
0.650624
0.130061
0.728087
0.124874
0.809501
0.940239
0.329373
0.752568
0.843500
0.791536
0.028230
0.138362
0.872394
0.944628
0.387628
0.220243
0.044094
0.182633
0.532177
0.086294
0.792176
0.074393
0.447500
0.351352
0.485090
0.899062
0.787017
0.065412
0.744795
0.779503
0.273653
0.542967
0.653225
0.145238
0.977672
0.383713
0.876140
0.058830
0.477064
0.796183
0.654825
0.676590
0.236693
0.480438
0.650165
0.403339
0.924666
0.422568
0.836850
0.574344
0.394356
0.990939
0.671210
0.633157
0.084345
0.373922
0.344434
0.079084
0.945318
0.977068
0.633428
0.364276
0.992426
0.219711
0.981769
0.223908
0.514461
0.516608
0.995429
0.567234
0.890329
0.580384
0.332620
0.984828
0.476258
0.867626
0.937732
0.068306
0.016402
0.395834
0.092011
0.684096
0.566741
0.786843
0.597263
0.194115
0.181152
0.824591
0.136726
0.183439
0.082220
0.817194
0.457277
0.510532
0.887742
0.165004
0.499223
0.464458
0.467852
0.869008
0.840980
0.267197
0.165831
0.708576
0.739594
0.213820
0.910427
0.513270
0.204147
0.485405
0.667244
0.808758
0.782165
0.768336
0.340186
0.808708
0.515093
0.901443
0.316425
0.857881
0.997728
0.686386
0.696883
0.390300
0.155493
0.190627
0.334245
0.376033
0.569730
0.891329
0.975884
0.124170
0.336022
0.136102
0.429244
0.290914
0.426351
0.787869
0.284356
0.510432
0.805317
0.842604
0.926925
0.049119
0.130497
0.505134
0.923994
0.480337
0.331002
0.205912
0.395206
0.878798
0.316884
0.178704
0.886103
0.842216
0.333036
0.968620
0.215539
0.117493
0.954504
0.453254
0.885728
0.999691
0.117205
0.329195
0.459450
0.563695
0.223668
0.768710
0.351717
0.430909
0.961363
0.299546
0.282517
0.587292
0.111414
0.048501
0.561032
0.690095
0.909604
0.927423
0.469689
0.169814
0.765559
0.345959
0.833129
0.368693
0.163919
0.994388
0.255462
0.412508
0.938518
0.608118
0.427152
0.641021
0.485821
0.603118
0.373715
0.973133
0.690395
0.291523
0.984036
0.219050
0.146089
0.049146
0.253629
0.912912
0.190706
0.113992
0.069825
0.822768
0.158657
0.501971
0.498911
0.600817
0.180289
0.403929
0.037760
0.674620
0.442154
0.521368
0.980280
0.628283
0.160903
0.346571
0.915412
0.094657
0.534244
0.849224
0.576181
0.163084
0.726702
0.520074
0.000048
0.260095
0.027871
0.485373
0.968512
0.011578
0.496700
0.524600
0.219955
0.623853
0.122102
0.967715
0.542430
0.758319
0.085685
0.635971
0.341502
0.649324
0.496603
0.569045
0.801592
0.866748
0.350414
0.339745
0.003333
0.610771
0.897875
0.374665
0.382258
0.702326
0.181652
0.007656
0.277389
0.525117
0.034696
0.353129
0.794358
0.328459
0.128342
0.958465
0.149301
0.579434
0.120128
0.799460
0.821582
0.679298
0.807202
0.105071
0.541032
0.757160
0.279675
0.650875
0.800534
0.586820
0.807269
0.315920
0.930330
0.497499
0.261678
0.132440
0.845957
0.381513
0.500595
0.194741
0.324150
0.581447
0.375820
0.088922
0.031414
0.191766
0.082248
0.558515
0.699951
0.963819
0.035365
0.971532
0.936758
0.808798
0.657194
0.900455
0.458694
0.889622
0.496722
0.835282
0.935329
0.606994
0.799555
0.461329
0.757137
0.652898
0.515674
0.401395
0.996515
0.908682
0.616527
0.791777
0.238299
0.313861
0.147953
0.836247
0.578172
0.274920
0.148438
0.855352
0.058277
0.306643
0.292711
0.539433
0.416034
0.702467
0.188913
0.262277
0.920759
0.399161
0.690181
0.115065
0.292742
0.579346
0.389715
0.198092
0.232098
0.006124
0.133953
0.852739
0.526931
0.503392
0.861343
0.641538
0.043702
0.110657
0.193667
0.913245
0.077741
0.699466
0.472780
0.792788
0.902593
0.473674
0.168432
0.840318
0.608441
0.763328
0.358379
0.692099
0.539753
0.945507
0.223205
0.685889
0.952814
0.886997
0.726896
0.084934
0.916219
0.771163
0.282953
0.184366
0.490263
0.517917
0.798439
0.689610
0.704614
0.177045
0.087682
0.880097
0.166081
0.107388
0.517036
0.654160
0.835413
0.616211
0.029711
0.646961
0.769445
0.443724
0.600421
0.403061
0.769832
0.313871
0.889566
0.384263
0.509101
0.288767
0.696899
0.880335
0.896351
0.925852
0.921616
0.541965
0.129190
0.389574
0.877603
0.471567
0.721005
0.333228
0.408121
0.772203
0.646301
0.089367
0.742295
0.996864
0.909212
0.614903
0.282183
0.923529
0.934533
0.876572
0.696070
0.543379
0.929819
0.781831
0.312717
0.675796
0.137943
0.899517
0.948760
0.074588
0.141618
0.055859
0.840317
0.181356
0.147187
0.077985
0.155665
0.189450
0.827680
0.113664
0.254718
0.242219
0.102251
0.117210
0.604717
0.200144
0.345976
0.335835
0.481330
0.297002
0.231334
0.491099
0.258230
0.844219
0.304124
0.981321
0.310865
0.194482
0.263233
0.075406
0.879810
0.714924
0.545683
0.946129
0.307009
0.350563
0.114347
0.719344
0.479813
0.481208
0.292297
0.219433
0.946243
0.090335
0.320093
0.513157
0.230447
0.757850
0.814570
0.205867
0.897642
0.387135
0.982450
0.564938
0.665141
0.358860
0.282796
0.739040
0.945864
0.819268
0.561858
0.835369
0.919262
0.249365
0.865983
0.873419
0.543858
0.477931
0.797810
0.089708
0.324755
0.935492
0.931221
0.009379
0.276314
0.160080
0.904722
0.047558
0.928655
0.444364
0.500158
0.907005
0.949798
0.867954
0.464505
0.153197
0.601427
0.980411
0.396937
0.706340
0.086002
0.074625
0.851940
0.615446
0.987286
0.578286
0.697507
0.203971
0.936829
0.729998
0.091533
0.705498
0.229157
0.226531
0.613574
0.394577
0.000721
0.752884
0.824035
0.500224
0.319918
0.933082
0.883230
0.477657
0.928273
0.525193
0.654553
0.057542
0.175778
0.113874
0.198513
0.121318
0.747848
0.129955
0.647949
0.974986
0.565634
0.990896
0.973914
0.090446
0.411314
0.243612
0.037317
0.310428
0.828808
0.233758
0.999441
0.301980
0.414329
0.589150
0.297866
0.373930
0.582322
0.848893
0.454349
0.521126
0.079498
0.660894
0.516333
0.208550
0.642621
0.742610
0.973171
0.110807
0.144594
0.794340
0.830016
0.058784
0.786956
0.373023
0.611927
0.513366
0.444483
0.401265
0.168610
0.256561
0.612675
0.905726
0.260465
0.239400
0.650966
0.347333
0.083133
0.769134
0.951117
0.053667
0.419196
0.317373
0.801250
0.828031
0.994910
0.536263
0.612312
0.642030
0.458658
0.709982
0.247217
0.748509
0.040495
0.189841
0.401005
0.326038
0.258551
0.975997
0.886979
0.253421
0.864955
0.154912
0.297409
0.230064
0.627827
0.891482
0.775016
0.683422
0.752162
0.297521
0.195303
0.261817
0.100178
0.217351
0.124338
0.695495
0.872118
0.413610
0.299110
0.629763
0.351779
0.581608
0.972340
0.680942
0.500176
0.350522
0.519996
0.036592
0.777313
0.594874
0.853969
0.838987
0.683325
0.852244
0.518002
0.906085
0.916320
0.159639
0.721274
0.486547
0.781469
0.707560
0.692532
0.323168
0.810132
0.100472
0.168530
0.725598
0.621276
0.585994
0.871049
0.651764
0.722125
0.299096
0.250024
0.825719
0.146793
0.719634
0.279781
0.114527
0.458605
0.303450
0.652824
0.815207
0.196566
0.099647
0.696775
0.716609
0.223716
0.930343
0.469199
0.932168
0.540352
0.107346
0.007203
0.514841
0.312931
0.304025
0.432947
0.625348
0.729394
0.284746
0.241154
0.599448
0.404088
0.911130
0.056359
0.813484
0.462153
0.740657
0.831340
0.176035
0.393933
0.888800
0.313793
0.468399
0.632065
0.547113
0.207296
0.860483
0.383952
0.758728
0.960752
0.568211
0.463705
0.398423
0.595875
0.007538
0.262087
0.698306
0.922375
0.863941
0.375630
0.865729
0.273452
0.971487
0.483026
0.745519
0.865575
0.942058
0.255334
0.243797
0.895777
0.203484
0.847524
0.381074
0.167619
0.539231
0.154450
0.057445
0.237784
0.867690
0.157753
0.624684
0.854135
0.676369
0.780355
0.272721
0.973023
0.958735
0.393477
0.977048
0.924732
0.807949
0.905258
0.993158
0.729200
0.608911
0.040154
0.990822
0.574009
0.667540
0.923037
0.731907
0.203317
0.624792
0.659213
0.938814
0.299581
0.450157
0.428860
0.592251
0.612214
0.006211
0.993620
0.044022
0.954009
0.578732
0.142697
0.510195
0.333440
0.030515
0.517551
0.535125
0.140721
0.344311
0.068186
0.756100
0.181514
0.235545
0.687212
0.900740
0.202196
0.692781
0.431365
0.590140
0.664893
0.717611
0.510073
0.015402
0.590538
0.923149
0.920351
0.483100
0.518629
0.917523
0.132589
0.134185
0.646339
0.584295
0.593010
0.693212
0.197718
0.571186
0.329232
0.056302
0.939021
0.483155
0.083687
0.423028
0.537161
0.735812
0.097246
0.703095
0.413966
0.647266
0.491046
0.671186
0.980733
0.862361
0.734126
0.448255
0.648110
0.619820
0.307473
0.054336
0.863445
0.718973
0.527102
0.096445
0.318780
0.555222
0.979587
0.056575
0.945429
0.668712
0.613379
0.909142
0.716828
0.541898
0.930806
0.931203
0.789468
0.767415
0.881132
0.581657
0.800839
0.968674
0.397114
0.384512
0.035179
0.021298
0.023447
0.009062
0.546726
0.124149
0.811015
0.896524
0.546302
0.305841
0.352571
0.259546
0.071791
0.964878
0.392118
0.855224
0.971830
0.821481
0.598733
0.597587
0.279458
0.492802
0.578587
0.600119
0.077794
0.282722
0.182871
0.717765
0.995624
0.619408
0.257784
0.153367
0.634376
0.049661
0.401321
0.041589
0.682729
0.531061
0.909195
0.321364
0.632431
0.364149
0.000139
0.900456
0.546477
0.389757
0.225210
0.339058
0.797668
0.288926
0.109551
0.578414
0.007606
0.019060
0.232569
0.014728
0.500392
0.379859
0.940808
0.505148
0.564117
0.515598
0.506586
0.615009
0.849064
0.181022
0.424290
0.688892
0.402912
0.745925
0.414737
0.503498
0.558433
0.362831
0.135445
0.106226
0.725323
0.863251
0.360917
0.660534
0.595574
0.847600
0.332819
0.876204
0.393777
0.845916
0.655985
0.717743
0.997497
0.548282
0.557231
0.115832
0.022776
0.529683
0.545438
0.896745
0.576266
0.794741
0.069914
0.982295
0.218565
0.802539
0.455789
0.637074
0.917881
0.359254
0.652630
0.377755
0.126527
0.290379
0.367125
0.524043
0.271441
0.884262
0.158301
0.342316
0.916661
0.563078
0.764271
0.193964
0.458395
0.270165
0.157929
0.022274
0.232333
0.246381
0.633147
0.213624
0.242935
0.149254
0.999323
0.480313
0.427316
0.880325
0.901533
0.624891
0.921650
0.382309
0.358899
0.118734
0.209981
0.352002
0.252798
0.616173
0.304281
0.333482
0.423678
0.361164
0.190042
0.211631
0.093233
0.221321
0.234238
0.044848
0.794757
0.275247
0.340202
0.057107
0.221704
0.110041
0.798196
0.484642
0.062021
0.973053
0.161435
0.212608
0.915789
0.130743
0.368426
0.545130
0.434260
0.876184
0.190507
0.266805
0.644714
0.920716
0.382198
0.525305
0.849845
0.608983
0.890354
0.292601
0.309147
0.068607
0.500321
0.740577
0.331853
0.922396
0.270978
0.340233
0.505833
0.005509
0.915018
0.349916
0.458671
0.033728
0.456945
0.790833
0.713738
0.525053
0.176372
0.916385
0.207623
0.817247
0.189489
0.423401
0.607786
0.549205
0.729394
0.972387
0.903213
0.325882
0.567105
0.151291
0.271856
0.922452
0.464797
0.360021
0.443059
0.102102
0.863409
0.754286
0.046791
0.259817
0.211425
0.707067
0.309189
0.613075
0.956756
0.996734
0.740439
0.258778
0.629211
0.232728
0.192368
0.381257
0.641923
0.888933
0.887623
0.191774
0.278274
0.424237
0.757700
0.435689
0.545142
0.355124
0.421788
0.853392
0.165913
0.980295
0.841636
0.161023
0.561362
0.567229
0.590233
0.438059
0.991778
0.397319
0.763445
0.057284
0.990992
0.007485
0.099951
0.491324
0.939493
0.679175
0.217767
0.982814
0.989178
0.712562
0.973125
0.752073
0.265247
0.199869
0.596816
0.097764
0.558791
0.262989
0.943360
0.380092
0.956446
0.447045
0.955427
0.440721
0.481657
0.240856
0.090123
0.197896
0.618037
0.328051
0.953572
0.689742
0.877103
0.530580
0.638564
0.488798
0.990979
0.083139
0.664358
0.384749
0.306475
0.712220
0.898762
0.692723
0.080023
0.383467
0.460647
0.000967
0.507661
0.449001
0.979823
0.733693
0.128524
0.913192
0.545555
0.243662
0.474090
0.035655
0.259275
0.108523
0.549874
0.294428
0.942192
0.687532
0.612418
0.147085
0.101608
0.447269
0.261138
0.658867
0.868773
0.655080
0.062420
0.384043
0.059102
0.484152
0.692401
0.969510
0.729355
0.113168
0.545897
0.713421
0.939034
0.477641
0.847852
0.010983
0.854675
0.686435
0.339545
0.597831
0.143472
0.493889
0.968271
0.387876
0.271349
0.435848
0.133733
0.500300
0.106311
0.585319
0.250131
0.366226
0.100117
0.562137
0.986084
0.719747
0.681041
0.747569
0.072395
0.282839
0.132805
0.397538
0.216150
0.752058
0.483598
0.671234
0.102572
0.274427
0.656655
0.184333
0.934096
0.659123
0.875265
0.916387
0.123781
0.252382
0.046268
0.188557
0.205526
0.093529
0.695590
0.382519
0.197131
0.534040
0.613414
0.107132
0.622820
0.276646
0.755591
0.562636
0.251081
0.587944
0.594626
0.404283
0.498747
0.151094
0.477766
0.862674
0.293767
0.562999
0.997456
0.427569
0.917098
0.397308
0.150413
0.462566
0.952482
0.991446
0.907185
0.681155
0.107921
0.458223
0.165588
0.515407
0.864747
0.911553
0.404511
0.236431
0.255532
0.449544
0.385956
0.647669
0.936245
0.962230
0.738595
0.578965
0.560621
0.819827
0.467957
0.512660
0.032571
0.213041
0.336557
0.611677
0.044250
0.962503
0.060278
0.552816
0.684730
0.710142
0.697873
0.285574
0.241257
0.116459
0.978908
0.794458
0.753866
0.238249
0.233845
0.461790
0.326860
0.039424
0.100882
0.582831
0.352880
0.956648
0.820881
0.212261
0.304259
0.789373
0.456390
0.994910
0.267064
0.385132
0.030402
0.102276
0.749010
0.481775
0.546961
0.080587
0.302269
0.434742
0.679298
0.390831
0.731988
0.565036
0.071758
0.123877
0.423515
0.467691
0.360664
0.560395
0.446753
0.891591
0.690738
0.389024
0.306301
0.727977
0.356586
0.249252
0.486299
0.967441
0.518494
0.077200
0.117249
0.338322
0.936936
0.001777
0.064951
0.228110
0.482427
0.315039
0.609746
0.924134
0.259196
0.119809
0.571597
0.853276
0.701207
0.596923
0.136617
0.140429
0.694522
0.661919
0.504681
0.177383
0.194839
0.949022
0.846773
0.710459
0.686501
0.048423
0.726791
0.552303
0.115359
0.857915
0.801945
0.621114
0.976433
0.308765
0.303260
0.294409
0.492414
0.183078
0.566269
0.555747
0.287785
0.658601
0.857783
0.925387
0.263814
0.308043
0.684159
0.935906
0.138989
0.401481
0.337458
0.797716
0.381209
0.625787
0.896645
0.803722
0.713944
0.419211
0.103179
0.285391
0.517966
0.464008
0.714843
0.640584
0.441560
0.122528
0.508337
0.668513
0.206318
0.287163
0.353040
0.214732
0.306394
0.017031
0.976115
0.736052
0.931841
0.219850
0.815105
0.316977
0.319074
0.588372
0.376144
0.720659
0.453287
0.560216
0.220753
0.220774
0.304508
0.948666
0.978711
0.034682
0.053207
0.020937
0.134040
0.142017
0.469594
0.841739
0.380032
0.750443
0.380452
0.411033
0.358037
0.136705
0.035749
0.573223
0.449038
0.012179
0.741759
0.431838
0.689357
0.580212
0.640231
0.528274
0.117191
0.092931
0.596509
0.946413
0.548505
0.914509
0.892102
0.633849
0.599450
0.034625
0.783562
0.427279
0.597027
0.887614
0.899435
0.180442
0.075562
0.163675
0.626974
0.300566
0.095893
0.062650
0.631585
0.924909
0.538017
0.335665
0.653101
0.091746
0.334017
0.540006
0.223898
0.933882
0.387711
0.996864
0.076729
0.768497
0.713628
0.262533
0.452390
0.618073
0.822607
0.168577
0.826441
0.775534
0.558370
0.541454
0.728371
0.817407
0.637505
0.170915
0.715851
0.969020
0.173121
0.278713
0.356945
0.567190
0.258039
0.813959
0.988180
