0.820745
0.728995
0.578428
0.725220
0.622467
0.342878
0.469034
0.223798
0.675816
0.933585
0.150918
0.007189
0.885848
0.605936
0.511625
0.736894
0.718705
0.679148
0.131766
0.865956
0.844231
0.198867
0.490169
0.146570
0.639474
0.042521
0.159373
0.468718
0.014207
0.952128
0.501412
0.724444
0.495341
0.322629
0.007156
0.690160
0.720599
0.507638
0.380242
0.540672
0.977801
0.850171
0.422491
0.196123
0.474450
0.636011
0.648453
0.501127
0.132318
0.585260
0.077049
0.910371
0.010582
0.486000
0.560661
0.616491
0.299122
0.994042
0.159315
0.358822
0.237958
0.695278
0.076513
0.441806
0.391762
0.341937
0.054977
0.448376
0.814179
0.232109
0.057323
0.790247
0.892533
0.721208
0.541843
0.440356
0.379873
0.749369
0.950884
0.361467
0.831447
0.083086
0.085784
0.451161
0.157659
0.064984
0.624139
0.926385
0.968754
0.000094
0.985391
0.749646
0.339800
0.670735
0.429044
0.095788
0.790289
0.618679
0.630859
0.184101
0.547736
0.317748
0.363111
0.330446
0.919330
0.756464
0.608129
0.730099
0.344249
0.331827
0.318599
0.211984
0.087818
0.739237
0.952969
0.655343
0.261497
0.711476
0.200604
0.674211
0.830103
0.495200
0.665623
0.027120
0.132707
0.099629
0.564939
0.535600
0.128272
0.080230
0.884224
0.067872
0.547237
0.763931
0.675179
0.837672
0.535796
0.786569
0.287706
0.227441
0.044283
0.932746
0.942900
0.210467
0.701100
0.031214
0.505644
0.908235
0.218702
0.319737
0.376164
0.052355
0.699183
0.577627
0.840433
0.437209
0.619998
0.289381
0.827046
0.719066
0.031111
0.878564
0.280387
0.638996
0.869801
0.844556
0.122405
0.951429
0.837524
0.471172
0.246566
0.468839
0.904853
0.006004
0.279033
0.151036
0.627376
0.285235
0.885265
0.990630
0.348021
0.300235
0.678316
0.319753
0.480959
0.560341
0.375919
0.093400
0.753985
0.981418
0.559604
0.332644
0.616240
0.313393
0.333120
0.676666
0.094456
0.985583
0.248041
0.309059
0.735937
0.981342
0.158859
0.953817
0.546525
0.431148
0.286434
0.867750
0.023811
0.846313
0.564618
0.931112
0.484017
0.359575
0.317530
0.046525
0.082688
0.734177
0.734473
0.157551
0.583819
0.061845
0.895375
0.450022
0.894944
0.489363
0.648778
0.620873
0.535124
0.216353
0.830807
0.811041
0.287904
0.825523
0.390050
0.706721
0.193760
0.745158
0.463287
0.139704
0.697006
0.058846
0.598257
0.073271
0.041935
0.942283
0.742641
0.083984
0.174185
0.715141
0.344692
0.039621
0.290517
0.755638
0.307584
0.618531
0.393243
0.397696
0.841811
0.515975
0.431541
0.825366
0.265481
0.920702
0.329548
0.606581
0.143187
0.902803
0.549545
0.479991
0.965717
0.785794
0.092189
0.945927
0.158728
0.552719
0.469113
0.011622
0.494578
0.875562
0.306829
0.436218
0.328209
0.120604
0.563612
0.867238
0.185590
0.732209
0.557137
0.684599
0.581739
0.664688
0.906749
0.215513
0.864115
0.177128
0.965006
0.380975
0.446353
0.111831
0.490462
0.121639
0.158113
0.227771
0.216920
0.953607
0.042358
0.652895
0.976529
0.539270
0.716091
0.221015
0.761522
0.365010
0.186709
0.140665
0.533849
0.380395
0.516428
0.967367
0.227153
0.568255
0.118423
0.431096
0.357392
0.455505
0.805537
0.107468
0.657663
0.372350
0.112088
0.578064
0.472452
0.788436
0.210148
0.519560
0.728349
0.188530
0.174127
0.292645
0.040802
0.382713
0.460770
0.769913
0.146145
0.060059
0.700567
0.694625
0.119834
0.521861
0.264284
0.294750
0.395251
0.458584
0.162858
0.452951
0.005445
0.167013
0.051580
0.260808
0.686220
0.505038
0.764007
0.490043
0.859545
0.359243
0.493106
0.661830
0.216805
0.641756
0.764417
0.263143
0.825603
0.795568
0.885377
0.747551
0.625883
0.853177
0.834156
0.196955
0.162739
0.435801
0.435222
0.046244
0.603401
0.390501
0.066094
0.524315
0.057860
0.046866
0.556504
0.724740
0.600536
0.225259
0.293545
0.657588
0.894976
0.607811
0.836124
0.383786
0.706368
0.574152
0.827071
0.989559
0.051352
0.566392
0.749465
0.909696
0.160798
0.783204
0.522467
0.347599
0.641676
0.100948
0.518395
0.137275
0.407084
0.734857
0.309269
0.720044
0.826140
0.546369
0.794800
0.074267
0.551826
0.604819
0.818450
0.850363
0.121353
0.876716
0.762468
0.866680
0.915887
0.335671
0.241552
0.056638
0.107310
0.205694
0.508821
0.680434
0.403795
0.585206
0.987060
0.308964
0.885061
0.641100
0.077468
0.648296
0.865604
0.866830
0.589121
0.547625
0.174032
0.245998
0.006775
0.971322
0.970196
0.887210
0.518337
0.749182
0.386139
0.518246
0.706298
0.444145
0.583912
0.492361
0.886423
0.909768
0.203748
0.381153
0.194732
0.776747
0.064748
0.560207
0.338038
0.064714
0.238632
0.126673
0.382543
0.092056
0.826000
0.578669
0.363333
0.223325
0.936786
0.903626
0.968235
0.824228
0.547418
0.980846
0.335708
0.202762
0.526904
0.308204
0.606658
0.769571
0.561053
0.801612
0.791332
0.502514
